fips,countyName,date,cases,deaths,cases7dayavg,deaths7dayavg,casesper100K,deathsper100K
01001,Autauga,2020-08-06,1096,22,13.4285714285714,0.142857142857143,24.0358184835444,0.255700196633451
01003,Baldwin,2020-08-06,3438,25,58.5714285714286,0.571428571428571,26.237682687865,0.255977392076732
01005,Barbour,2020-08-06,619,5,4.85714285714286,0,19.6756981979375,0
01007,Bibb,2020-08-06,421,4,9.85714285714286,0.285714285714286,44.0168922798199,1.27585195013971
01009,Blount,2020-08-06,874,3,20.4285714285714,0,35.3276578503985,0
01011,Bullock,2020-08-06,458,12,3.28571428571429,0,32.5286039571754,0
01013,Butler,2020-08-06,771,36,3.42857142857143,0,17.6294293941353,0
01015,Calhoun,2020-08-06,1741,13,57.8571428571429,0.714285714285714,50.9283419366602,0.628744962180991
01017,Chambers,2020-08-06,893,38,6.42857142857143,0,19.3317237883305,0
01019,Cherokee,2020-08-06,283,8,7,0,26.7216368911284,0
01021,Chilton,2020-08-06,794,7,15.4285714285714,0.142857142857143,34.7271347541447,0.321547544019859
01023,Choctaw,2020-08-06,282,12,1.71428571428571,0,13.6173303223903,0
01025,Clarke,2020-08-06,522,9,5,0,21.1667090000847,0
01027,Clay,2020-08-06,241,5,6.85714285714286,0,51.8106751578607,0
01029,Cleburne,2020-08-06,126,1,2.28571428571429,0,15.3300756922487,0
01031,Coffee,2020-08-06,762,5,9.28571428571429,0,17.7404651822901,0
01033,Colbert,2020-08-06,1159,13,19.4285714285714,0.285714285714286,35.1705643065322,0.517214180978414
01035,Conecuh,2020-08-06,397,10,4.57142857142857,0,37.8837206549148,0
01037,Coosa,2020-08-06,114,2,2.85714285714286,0,26.7949250411972,0
01039,Covington,2020-08-06,843,21,13.4285714285714,0,36.24543558145,0
01041,Crenshaw,2020-08-06,328,4,7,0,50.8277664827186,0
01043,Cullman,2020-08-06,1263,12,23.4285714285714,0.142857142857143,27.9684025267064,0.17053903979699
01045,Dale,2020-08-06,820,23,9.85714285714286,0.714285714285714,20.0462516414684,1.45262693054119
01047,Dallas,2020-08-06,1388,23,12.4285714285714,0,33.4137311231623,0
01049,DeKalb,2020-08-06,1792,15,24.2857142857143,0.571428571428571,33.9598594461347,0.799055516379639
01051,Elmore,2020-08-06,1739,39,24.4285714285714,0.571428571428571,30.0811134585716,0.703651776808693
01053,Escambia,2020-08-06,1139,16,23.8571428571429,0.142857142857143,65.124731409229,0.389968451552269
01055,Etowah,2020-08-06,2108,30,37.4285714285714,1.57142857142857,36.598517061614,1.53657896060212
01057,Fayette,2020-08-06,198,5,4,0,24.5368666421298,0
01059,Franklin,2020-08-06,1255,20,14.1428571428571,0,45.0955205116292,0
01061,Geneva,2020-08-06,264,1,7.71428571428571,0,29.3642636910879,0
01063,Greene,2020-08-06,252,11,1.57142857142857,0,19.3740423058633,0
01065,Hale,2020-08-06,480,26,4.71428571428571,0.142857142857143,32.1772282730579,0.975067523425997
01067,Henry,2020-08-06,261,4,2.71428571428571,0,15.7761448084029,0
01069,Houston,2020-08-06,1397,14,20.8571428571429,0,19.6984783600072,0
01071,Jackson,2020-08-06,947,6,31,0.142857142857143,60.047263007012,0.276715497728166
01073,Jefferson,2020-08-06,12730,234,231.285714285714,1.71428571428571,35.1192220582554,0.260303066521967
01075,Lamar,2020-08-06,219,2,3.57142857142857,0,25.8705437988306,0
01077,Lauderdale,2020-08-06,1135,15,19.8571428571429,0.714285714285714,21.4141669349857,0.770293774639772
01079,Lawrence,2020-08-06,340,1,7.71428571428571,0.142857142857143,23.4305847232588,0.433899717097384
01081,Lee,2020-08-06,2743,48,31.8571428571429,0.714285714285714,19.3611010302189,0.434105404264999
01083,Limestone,2020-08-06,1283,14,21.2857142857143,0.285714285714286,21.5191975794513,0.288848289657065
01085,Lowndes,2020-08-06,580,26,3,0,30.8451573103023,0
01087,Macon,2020-08-06,331,13,3.28571428571429,0.142857142857143,18.1852683513078,0.790663841361207
01089,Madison,2020-08-06,5269,35,75,0.714285714285714,20.1121453223172,0.191544241164926
01091,Marengo,2020-08-06,544,15,5,0.142857142857143,26.5069183056778,0.757340523019365
01093,Marion,2020-08-06,595,24,8.28571428571429,0,27.8895765112063,0
01095,Marshall,2020-08-06,3127,35,40.5714285714286,0.857142857142857,41.9238933715963,0.8857160571464
01097,Mobile,2020-08-06,9493,209,225.428571428571,3.28571428571429,54.5554491489972,0.79516814348982
01099,Monroe,2020-08-06,460,5,5.71428571428571,0.142857142857143,27.5613066815498,0.689032667038744
01101,Montgomery,2020-08-06,6564,151,74.1428571428571,1.28571428571429,32.7361766920945,0.567679364602795
01103,Morgan,2020-08-06,2336,19,30.1428571428571,0.571428571428571,25.1864212960145,0.477467702294113
01105,Perry,2020-08-06,464,4,4.57142857142857,0.142857142857143,51.2319687484991,1.6009990233906
01107,Pickens,2020-08-06,385,10,4.57142857142857,0,22.9374238405849,0
01109,Pike,2020-08-06,717,8,10.8571428571429,0.142857142857143,32.7871681377751,0.431410107075989
01111,Randolph,2020-08-06,407,11,2.71428571428571,0,11.9456285286758,0
01113,Russell,2020-08-06,1307,2,19.8571428571429,0.142857142857143,34.2594897554267,0.246471149319616
01115,St. Clair,2020-08-06,1379,16,28.5714285714286,1,31.9191042222591,1.11716864777907
01117,Shelby,2020-08-06,3352,34,53.2857142857143,0.285714285714286,24.476446833614,0.131241001788815
01119,Sumter,2020-08-06,365,18,1.14285714285714,0.142857142857143,9.19656508294152,1.14957063536769
01121,Talladega,2020-08-06,1187,14,34.7142857142857,0.142857142857143,43.4047934610589,0.178620549222465
01123,Tallapoosa,2020-08-06,900,80,10.8571428571429,0.142857142857143,26.8960855578637,0.35389586260347
01125,Tuscaloosa,2020-08-06,4174,71,50.2857142857143,1.14285714285714,24.0193519551548,0.545894362617154
01127,Walker,2020-08-06,1532,67,12.4285714285714,0.571428571428571,19.5660827577831,0.899590011852098
01129,Washington,2020-08-06,326,12,3.57142857142857,0.285714285714286,21.8757109606062,1.7500568768485
01131,Wilcox,2020-08-06,429,10,3.57142857142857,0.142857142857143,34.4300450344989,1.37720180137996
01133,Winston,2020-08-06,454,11,4.57142857142857,0.142857142857143,19.3466865776316,0.604583955550988
02013,Aleutians East Borough,2020-08-06,4,0,0.142857142857143,0,4.28100518001627,0
02016,Aleutians West Census Area,2020-08-06,88,0,0,0,0,0
02020,Anchorage,2020-08-06,2145,13,64.1428571428571,0.428571428571429,22.2718253968254,0.148809523809524
02050,Bethel Census Area,2020-08-06,24,0,0.428571428571429,0,2.33096610775279,0
02068,Denali Borough,2020-08-06,4,0,0,0,0,0
02070,Dillingham Census Area,2020-08-06,22,0,0.142857142857143,0,2.90596303615018,0
02090,Fairbanks North Star Borough,2020-08-06,459,5,5.28571428571429,0,5.45768597064945,0
02100,Haines Borough,2020-08-06,8,0,0,0,0,0
02110,Juneau City and Borough,2020-08-06,165,1,3.42857142857143,0,10.7229981502828,0
02122,Kenai Peninsula Borough,2020-08-06,464,1,4,0,6.81338148122913,0
02130,Ketchikan Gateway Borough,2020-08-06,51,0,0.571428571428571,0,4.11070118285427,0
02150,Kodiak Island Borough,2020-08-06,26,0,1.57142857142857,0,12.0897720528433,0
02158,Kusilvak Census Area,2020-08-06,6,0,0.285714285714286,0,3.43654421114128,0
02170,Matanuska-Susitna Borough,2020-08-06,329,2,8.28571428571429,0,7.64950495832998,0
02180,Nome Census Area,2020-08-06,22,0,0.285714285714286,0,2.85600045696007,0
02185,North Slope Borough,2020-08-06,18,0,0.428571428571429,0,4.35894455422527,0
02188,Northwest Arctic Borough,2020-08-06,39,0,1.57142857142857,0,20.6197161977243,0
02195,Petersburg Borough,2020-08-06,9,0,0,0,0,0
02198,Prince of Wales-Hyder Census Area,2020-08-06,9,0,0.428571428571429,0,6.90909928375671,0
02220,Sitka City and Borough,2020-08-06,34,0,0.571428571428571,0,6.7282299709004,0
02240,Southeast Fairbanks Census Area,2020-08-06,27,0,0.142857142857143,0,2.07249590682058,0
02261,Valdez-Cordova Census Area,2020-08-06,96,0,1.57142857142857,0,17.077032943149,0
02275,Wrangell City and Borough,2020-08-06,15,0,1,0,39.9680255795364,0
02290,Yukon-Koyukuk Census Area,2020-08-06,49,1,1,0,19.1204588910134,0
04001,Apache,2020-08-06,3110,138,20.1428571428571,1.28571428571429,28.0201665709477,1.78852127048602
04003,Cochise,2020-08-06,1567,52,14.2857142857143,0.714285714285714,11.3448915088025,0.567244575440125
04005,Coconino,2020-08-06,3043,115,15.7142857142857,0,10.9525535380731,0
04007,Gila,2020-08-06,884,36,15.1428571428571,1,28.0329837144232,1.85123477359399
04009,Graham,2020-08-06,518,12,11.8571428571429,0.571428571428571,30.5305323715603,1.47135095766555
04011,Greenlee,2020-08-06,58,2,0.571428571428571,0,6.01630418433956,0
04012,La Paz,2020-08-06,477,11,1.28571428571429,0.142857142857143,6.09112320311866,0.676791467013184
04013,Maricopa,2020-08-06,124022,2259,1310,35.4285714285714,29.205776768878,0.789861792658859
04015,Mohave,2020-08-06,3137,161,29.4285714285714,1.71428571428571,13.8695601531576,0.807935542902387
04017,Navajo,2020-08-06,5330,197,21.1428571428571,1.42857142857143,19.0606695961714,1.28788308082239
04019,Pima,2020-08-06,17293,480,201.285714285714,4.28571428571429,19.2198749603223,0.409223739396501
04021,Pinal,2020-08-06,8323,147,64,2.14285714285714,13.8291964588614,0.463031131435091
04023,Santa Cruz,2020-08-06,2643,51,8.71428571428571,0.142857142857143,18.7412054589137,0.307232876375635
04025,Yavapai,2020-08-06,1960,66,34.4285714285714,1,14.6442866318323,0.425352723746166
04027,Yuma,2020-08-06,11379,278,86.1428571428571,4.28571428571429,40.2937770504554,2.00466552489828
05001,Arkansas,2020-08-06,208,1,3.57142857142857,0,20.4245028676002,0
05003,Ashley,2020-08-06,298,5,12,0.142857142857143,61.0469552831052,0.726749467656015
05005,Baxter,2020-08-06,68,0,1,0,2.38481350758371,0
05007,Benton,2020-08-06,4663,40,36.4285714285714,0.714285714285714,13.0502403547209,0.255887065778841
05009,Boone,2020-08-06,193,1,7.28571428571429,0,19.4638659054132,0
05011,Bradley,2020-08-06,173,3,5.57142857142857,0,51.7646434212447,0
05013,Calhoun,2020-08-06,13,0,0.142857142857143,0,2.75307656305922,0
05015,Carroll,2020-08-06,350,7,2.71428571428571,0.142857142857143,9.56407933152119,0.503372596395852
05017,Chicot,2020-08-06,707,8,29.8571428571429,0.428571428571429,295.089373958716,4.23573264055573
05019,Clark,2020-08-06,175,1,3.14285714285714,0.142857142857143,14.0809011776754,0.640040962621608
05021,Clay,2020-08-06,118,4,2.14285714285714,0,14.7265283682025,0
05023,Cleburne,2020-08-06,188,5,1.85714285714286,0,7.45271823565495,0
05025,Cleveland,2020-08-06,87,2,3.42857142857143,0.142857142857143,43.0941607412196,1.79559003088415
05027,Columbia,2020-08-06,209,8,4.42857142857143,0.285714285714286,18.8795303260069,1.21803421458109
05029,Conway,2020-08-06,143,3,1.42857142857143,0,6.85297624758433,0
05031,Craighead,2020-08-06,1264,12,28.8571428571429,0.142857142857143,26.154826212833,0.129479337687292
05033,Crawford,2020-08-06,582,3,12.4285714285714,0,19.6477408485566,0
05035,Crittenden,2020-08-06,1315,20,25.7142857142857,0.428571428571429,53.6216989141606,0.893694981902676
05037,Cross,2020-08-06,183,3,3.71428571428571,0.285714285714286,22.6218753534668,1.74014425795898
05039,Dallas,2020-08-06,59,0,0.571428571428571,0,8.15278315635,0
05041,Desha,2020-08-06,179,2,5.85714285714286,0,51.5548178606008,0
05043,Drew,2020-08-06,182,3,4.28571428571429,0.142857142857143,23.5233233751264,0.784110779170881
05045,Faulkner,2020-08-06,1252,5,13.4285714285714,0,10.6570043160867,0
05047,Franklin,2020-08-06,119,2,2.57142857142857,0,14.5155437280755,0
05049,Fulton,2020-08-06,30,0,0.571428571428571,0,4.5798555055588,0
05051,Garland,2020-08-06,939,8,21.8571428571429,0.142857142857143,21.9921748104792,0.143739704643655
05053,Grant,2020-08-06,131,0,1.28571428571429,0,7.03922412107466,0
05055,Greene,2020-08-06,445,1,23.5714285714286,0,52.0053581278071,0
05057,Hempstead,2020-08-06,227,2,5,0,23.2212520899127,0
05059,Hot Spring,2020-08-06,1484,12,7.85714285714286,0.714285714285714,23.2659466913709,2.1150860628519
05061,Howard,2020-08-06,322,3,5,0.142857142857143,37.8730495379488,1.08208712965568
05063,Independence,2020-08-06,443,1,20.5714285714286,0.142857142857143,54.3857992635256,0.377679161552261
05065,Izard,2020-08-06,47,1,1.28571428571429,0,9.43366560799975,0
05067,Jackson,2020-08-06,63,1,1,0,5.98121897242658,0
05069,Jefferson,2020-08-06,1423,40,21.8571428571429,0.428571428571429,32.7085221733851,0.641343572027159
05071,Johnson,2020-08-06,652,2,6.57142857142857,0.285714285714286,24.725067993937,1.07500295625813
05073,Lafayette,2020-08-06,52,2,0.571428571428571,0,8.62663906142167,0
05075,Lawrence,2020-08-06,205,9,4.57142857142857,0,27.8643701781578,0
05077,Lee,2020-08-06,890,8,1.57142857142857,0.285714285714286,17.7422216487363,3.22585848158841
05079,Lincoln,2020-08-06,1197,11,5.14285714285714,0,39.4875394875395,0
05081,Little River,2020-08-06,164,1,2.71428571428571,0,22.1411674221855,0
05083,Logan,2020-08-06,225,1,13,0.142857142857143,60.5608869840678,0.665504252572174
05085,Lonoke,2020-08-06,482,2,12.7142857142857,0,17.3434171988238,0
05087,Madison,2020-08-06,269,2,2.28571428571429,0.142857142857143,13.7892995035852,0.861831218974076
05089,Marion,2020-08-06,25,0,0.428571428571429,0,2.56721833336186,0
05091,Miller,2020-08-06,495,5,7.57142857142857,0.142857142857143,17.5033603149284,0.330252081413743
05093,Mississippi,2020-08-06,914,13,38,0.714285714285714,93.4786352119259,1.75711720323169
05095,Monroe,2020-08-06,55,0,1,0,14.9231457991345,0
05097,Montgomery,2020-08-06,34,1,1.42857142857143,0.142857142857143,15.8977456996598,1.58977456996598
05099,Nevada,2020-08-06,136,9,1.14285714285714,0,13.849456408836,0
05101,Newton,2020-08-06,102,6,1.85714285714286,0.428571428571429,23.9538611781614,5.52781411803726
05103,Ouachita,2020-08-06,84,2,1.42857142857143,0.142857142857143,6.109705878759,0.6109705878759
05105,Perry,2020-08-06,50,0,0.285714285714286,0,2.73280043724807,0
05107,Phillips,2020-08-06,298,7,4.71428571428571,0.142857142857143,26.5115606472034,0.803380625672831
05109,Pike,2020-08-06,91,1,3.14285714285714,0,29.3231679684376,0
05111,Poinsett,2020-08-06,217,3,10.8571428571429,0,46.14562588041,0
05113,Polk,2020-08-06,137,1,1.71428571428571,0.142857142857143,8.58688496436443,0.715573747030369
05115,Pope,2020-08-06,1276,10,18,0.285714285714286,28.093394930703,0.445926903661952
05117,Prairie,2020-08-06,80,0,3.28571428571429,0,40.7555728815962,0
05119,Pulaski,2020-08-06,5222,81,81.1428571428571,0.714285714285714,20.704409200777,0.182257123246276
05121,Randolph,2020-08-06,199,3,6.28571428571429,0.142857142857143,35.0023069702321,0.795506976596185
05123,St. Francis,2020-08-06,1165,3,8.71428571428571,0,34.865510579682,0
05125,Saline,2020-08-06,975,6,21.1428571428571,0.285714285714286,17.2683560875039,0.233356163344647
05127,Scott,2020-08-06,51,0,2.28571428571429,0,22.2324120777579,0
05129,Searcy,2020-08-06,28,0,0.428571428571429,0,5.43803360704769,0
05131,Sebastian,2020-08-06,2038,17,62.4285714285714,0.428571428571429,48.8383294832636,0.33527457311165
05133,Sevier,2020-08-06,969,10,6,0,35.2795907567472,0
05135,Sharp,2020-08-06,107,5,1.42857142857143,0,8.19041066719085,0
05137,Stone,2020-08-06,61,1,1.57142857142857,0,12.5653971807818,0
05139,Union,2020-08-06,464,17,9.71428571428571,0.142857142857143,25.1131940289688,0.3693116768966
05141,Van Buren,2020-08-06,52,2,0.285714285714286,0,1.72689202607607,0
05143,Washington,2020-08-06,6188,51,47.5714285714286,1.14285714285714,19.8888018878236,0.477809054362128
05145,White,2020-08-06,289,2,6.57142857142857,0,8.34435332168752,0
05147,Woodruff,2020-08-06,20,0,0.428571428571429,0,6.78119349005425,0
05149,Yell,2020-08-06,1055,14,9.14285714285714,0,42.8417466044569,0
06001,Alameda,2020-08-06,12161,193,137.571428571429,1.57142857142857,8.23125958871225,0.0940226951981669
06003,Alpine,2020-08-06,2,0,0,0,0,0
06005,Amador,2020-08-06,160,2,6.71428571428571,0.285714285714286,16.8904349826064,0.718741914153466
06007,Butte,2020-08-06,1060,8,21.8571428571429,0.142857142857143,9.97196119147339,0.0651762169377346
06009,Calaveras,2020-08-06,136,1,4,0,8.71364775078968,0
06011,Colusa,2020-08-06,361,4,7,0,32.487121176962,0
06013,Contra Costa,2020-08-06,8532,134,136.428571428571,2.57142857142857,11.8270911473665,0.222918995447746
06015,Del Norte,2020-08-06,96,0,1.14285714285714,0,4.10922315136323,0
06017,El Dorado,2020-08-06,716,1,14.7142857142857,0,7.63018917683593,0
06019,Fresno,2020-08-06,16625,157,330.428571428571,5.28571428571429,33.0725894007284,0.529047041862063
06021,Glenn,2020-08-06,330,3,5.14285714285714,0.285714285714286,18.1131164119929,1.00628424511072
06023,Humboldt,2020-08-06,280,4,7,0,5.1638413077797,0
06025,Imperial,2020-08-06,9601,239,43.2857142857143,5.71428571428571,23.8863859425071,3.15331827623856
06027,Inyo,2020-08-06,62,1,2.57142857142857,0,14.2548288232639,0
06029,Kern,2020-08-06,21724,152,378.714285714286,1.85714285714286,42.0699227189326,0.206302902808798
06031,Kings,2020-08-06,4453,56,43.8571428571429,0.285714285714286,28.6760447607839,0.186814623848755
06033,Lake,2020-08-06,209,2,3.71428571428571,0.142857142857143,5.76877848334376,0.221876095513222
06035,Lassen,2020-08-06,633,0,0.285714285714286,0,0.934531402591456,0
06037,Los Angeles,2020-08-06,201106,4869,2176.28571428571,45.2857142857143,21.6780806727701,0.451093053253783
06039,Madera,2020-08-06,2267,36,46.5714285714286,1.14285714285714,29.6016758543852,0.726421493359146
06041,Marin,2020-08-06,5252,77,45.7142857142857,1.85714285714286,17.6621690689056,0.717525618424292
06043,Mariposa,2020-08-06,60,2,1,0,5.81293960355752,0
06045,Mendocino,2020-08-06,363,10,9.14285714285714,0.142857142857143,10.5394380832714,0.164678720051116
06047,Merced,2020-08-06,4855,62,112.857142857143,3.28571428571429,40.6428777215294,1.18327365518377
06049,Modoc,2020-08-06,4,0,0.285714285714286,0,3.23169647906669,0
06051,Mono,2020-08-06,152,1,1.57142857142857,0,10.8794556316019,0
06053,Monterey,2020-08-06,5120,35,94.7142857142857,1.28571428571429,21.8205012001276,0.296205898644266
06055,Napa,2020-08-06,1026,9,22.7142857142857,0.142857142857143,16.4902178783001,0.103712062127674
06057,Nevada,2020-08-06,327,1,4.85714285714286,0,4.86907208374804,0
06059,Orange,2020-08-06,38711,697,419,13.2857142857143,13.1939747305469,0.418356512083486
06061,Placer,2020-08-06,2039,20,31,0.714285714285714,7.78251144154706,0.179320540127813
06063,Plumas,2020-08-06,25,0,0,0,0,0
06065,Riverside,2020-08-06,39741,770,396.142857142857,11.7142857142857,16.0346278572776,0.474157765703845
06067,Sacramento,2020-08-06,10543,155,125.714285714286,4,8.09984457502785,0.25772232738725
06069,San Benito,2020-08-06,699,4,12.8571428571429,0,20.4705497024947,0
06071,San Bernardino,2020-08-06,34635,490,421,12.4285714285714,19.3111736468991,0.570095726935942
06073,San Diego,2020-08-06,31190,583,351.285714285714,3.57142857142857,10.5227977547371,0.106982490389763
06075,San Francisco,2020-08-06,7231,63,115,0.714285714285714,13.0452192674485,0.0810262066301152
06077,San Joaquin,2020-08-06,12148,192,115.142857142857,5.85714285714286,15.1076768741579,0.768504654888927
06079,San Luis Obispo,2020-08-06,2047,16,43.8571428571429,0.285714285714286,15.4911475912779,0.100919528281941
06081,San Mateo,2020-08-06,5891,120,70.4285714285714,0.285714285714286,9.18745787140578,0.0372716343667577
06083,Santa Barbara,2020-08-06,6652,68,62.4285714285714,5.14285714285714,13.9817942321419,1.1518182891467
06085,Santa Clara,2020-08-06,11336,197,229.285714285714,0.857142857142857,11.8933255398088,0.0444610300553599
06087,Santa Cruz,2020-08-06,1213,4,19.5714285714286,0,7.16343240308059,0
06089,Shasta,2020-08-06,411,9,7.28571428571429,0.142857142857143,4.04582090499461,0.0793298216665609
06091,Sierra,2020-08-06,3,0,0.285714285714286,0,9.50796291894462,0
06093,Siskiyou,2020-08-06,90,0,2.71428571428571,0,6.23414803804799,0
06095,Solano,2020-08-06,3964,39,62.7142857142857,0.285714285714286,14.0098886197898,0.0638263718441449
06097,Sonoma,2020-08-06,3358,44,73.7142857142857,1.71428571428571,14.9117777613376,0.346785529333432
06099,Stanislaus,2020-08-06,9408,151,94.7142857142857,6.71428571428571,17.2001390539145,1.21931604152939
06101,Sutter,2020-08-06,893,6,19.7142857142857,0,20.330083957354,0
06103,Tehama,2020-08-06,231,1,3.57142857142857,0,5.48741406709571,0
06105,Trinity,2020-08-06,6,0,0.142857142857143,0,1.16285830571545,0
06107,Tulare,2020-08-06,10334,196,156.142857142857,3.28571428571429,33.4930355629848,0.704793977995106
06109,Tuolumne,2020-08-06,147,2,1.85714285714286,0,3.40897767381853,0
06111,Ventura,2020-08-06,8162,82,143,1.14285714285714,16.9029534069498,0.135088538716882
06113,Yolo,2020-08-06,1660,42,23.7142857142857,0.142857142857143,10.7547781017169,0.0647878198898607
06115,Yuba,2020-08-06,572,4,15.2857142857143,0,19.4306634027995,0
08001,Adams,2020-08-06,6307,175,62.7142857142857,1,12.1205528407787,0.193266218417884
08003,Alamosa,2020-08-06,224,9,0.285714285714286,0.142857142857143,1.76008307592118,0.880041537960592
08005,Arapahoe,2020-08-06,7194,363,56.5714285714286,0.142857142857143,8.6159442835603,0.0217574350594957
08007,Archuleta,2020-08-06,35,0,0.571428571428571,0,4.07319531989858,0
08009,Baca,2020-08-06,14,0,0,0,0,0
08011,Bent,2020-08-06,8,0,0.428571428571429,0,7.68462306923845,0
08013,Boulder,2020-08-06,2031,75,23.8571428571429,0,7.31374475994275,0
08014,Broomfield,2020-08-06,445,32,7.57142857142857,0,10.7449493669603,0
08015,Chaffee,2020-08-06,295,19,2,0,9.82511298879937,0
08017,Cheyenne,2020-08-06,8,0,0,0,0,0
08019,Clear Creek,2020-08-06,29,1,0.428571428571429,0,4.41826215022091,0
08021,Conejos,2020-08-06,23,0,0,0,0,0
08023,Costilla,2020-08-06,22,0,0,0,0,0
08025,Crowley,2020-08-06,72,1,0,0,0,0
08027,Custer,2020-08-06,11,0,0.142857142857143,0,2.81880708084339,0
08029,Delta,2020-08-06,117,1,2.28571428571429,0,7.33494090788231,0
08031,Denver,2020-08-06,10052,417,74.7142857142857,0.857142857142857,10.2740862987889,0.11786714683123
08033,Dolores,2020-08-06,1,0,0,0,0,0
08035,Douglas,2020-08-06,1702,59,15.4285714285714,0.142857142857143,4.39367668560558,0.040682191533385
08037,Eagle,2020-08-06,1106,9,14.2857142857143,0,25.914187758656,0
08039,Elbert,2020-08-06,102,2,2.71428571428571,0,10.1548345029209,0
08041,El Paso,2020-08-06,5013,138,76.5714285714286,1,10.6289713634491,0.138811193179373
08043,Fremont,2020-08-06,116,0,2.14285714285714,0,4.47931006680144,0
08045,Garfield,2020-08-06,753,4,10.1428571428571,0,16.887592852029,0
08047,Gilpin,2020-08-06,16,0,0.428571428571429,0,6.86483146838745,0
08049,Grand,2020-08-06,45,1,0.571428571428571,0,3.63180736893715,0
08051,Gunnison,2020-08-06,267,6,3,0,17.180162638873,0
08053,Hinsdale,2020-08-06,3,0,0,0,0,0
08055,Huerfano,2020-08-06,8,1,0.285714285714286,0,4.14258787464529,0
08057,Jackson,2020-08-06,9,0,0.142857142857143,0,10.2627257799672,0
08059,Jefferson,2020-08-06,4086,227,37.8571428571429,0.142857142857143,6.49483219681939,0.0245088007427147
08063,Kit Carson,2020-08-06,43,3,0.142857142857143,0,2.01292296543811,0
08065,Lake,2020-08-06,74,0,0.714285714285714,0,8.78904533389583,0
08067,La Plata,2020-08-06,204,2,1,0,1.77869479376034,0
08069,Larimer,2020-08-06,1475,35,20,0.142857142857143,5.60382629259258,0.0400273306613756
08071,Las Animas,2020-08-06,15,0,0,0,0,0
08073,Lincoln,2020-08-06,8,0,0.285714285714286,0,5.01165209111184,0
08075,Logan,2020-08-06,649,5,0.285714285714286,0,1.27499792812837,0
08077,Mesa,2020-08-06,289,4,5.57142857142857,0.285714285714286,3.61288410053082,0.185276107719529
08079,Mineral,2020-08-06,18,0,0,0,0,0
08081,Moffat,2020-08-06,26,1,0.285714285714286,0,2.1509770813392,0
08083,Montezuma,2020-08-06,109,4,0.285714285714286,0,1.09122058478511,0
08085,Montrose,2020-08-06,292,13,3.85714285714286,0,9.02086827527681,0
08087,Morgan,2020-08-06,681,46,1.14285714285714,0,3.93166761681967,0
08089,Otero,2020-08-06,70,6,3,0.285714285714286,16.4131743079112,1.5631594578963
08091,Ouray,2020-08-06,12,1,0,0,0,0
08093,Park,2020-08-06,42,1,0.142857142857143,0,0.758063904787174,0
08095,Phillips,2020-08-06,19,0,0,0,0,0
08097,Pitkin,2020-08-06,181,2,2.71428571428571,0,15.277118896188,0
08099,Prowers,2020-08-06,50,0,0.428571428571429,0,3.52096145720858,0
08101,Pueblo,2020-08-06,660,34,10,0,5.93739609556833,0
08103,Rio Blanco,2020-08-06,9,0,0.428571428571429,0,6.77690431011114,0
08105,Rio Grande,2020-08-06,89,2,0.285714285714286,0,2.53585058768337,0
08107,Routt,2020-08-06,111,6,1.85714285714286,0,7.24371190086144,0
08109,Saguache,2020-08-06,106,2,0,0,0,0
08111,San Juan,2020-08-06,2,0,0,0,0,0
08113,San Miguel,2020-08-06,80,0,1,0,12.2264335493337,0
08115,Sedgwick,2020-08-06,11,1,0,0,0,0
08117,Summit,2020-08-06,327,4,0,0,0,0
08119,Teller,2020-08-06,122,3,2.42857142857143,0.142857142857143,9.56582412388305,0.562695536699003
08121,Washington,2020-08-06,47,0,0.142857142857143,0,2.91069973221562,0
08123,Weld,2020-08-06,3635,142,20.5714285714286,0.142857142857143,6.33957958021417,0.0440248581959317
08125,Yuma,2020-08-06,63,0,0.857142857142857,0,8.55517374132006,0
09001,Fairfield,2020-08-06,17926,1406,20,0,2.12014433942663,0
09003,Hartford,2020-08-06,12745,1414,26.2857142857143,0.428571428571429,2.94775425982531,0.0480612107580214
09005,Litchfield,2020-08-06,1607,138,1.14285714285714,0,0.633748200749249,0
09007,Middlesex,2020-08-06,1395,191,2.57142857142857,0,1.58304105704928,0
09009,New Haven,2020-08-06,13128,1104,16.4285714285714,0.428571428571429,1.92201659987241,0.0501395634749325
09011,New London,2020-08-06,1431,103,5,0,1.8853268779741,0
09013,Tolland,2020-08-06,1055,66,6.28571428571429,0,4.17043032206148,0
09015,Windham,2020-08-06,724,15,5.57142857142857,0,4.77079393350737,0
10001,Kent,2020-08-06,2247,107,13.7142857142857,0.285714285714286,7.58592242446081,0.1580400505096
10003,New Castle,2020-08-06,7092,289,49.8571428571429,0.571428571428571,8.92293067905548,0.102268546464819
10005,Sussex,2020-08-06,5786,191,29,0,12.3812573380297,0
11001,District of Columbia,2020-08-06,12518,587,65.8571428571429,0.428571428571429,9.33152478531927,0.0607257578220343
12001,Alachua,2020-08-06,3952,25,72,0.714285714285714,26.7615213924912,0.265491283655666
12003,Baker,2020-08-06,528,4,26.4285714285714,0,90.4778207071942,0
12005,Bay,2020-08-06,4077,45,102.857142857143,3.42857142857143,58.8747562217125,1.96249187405708
12007,Bradford,2020-08-06,378,4,8.85714285714286,0.142857142857143,31.4071942737593,0.506567649576763
12009,Brevard,2020-08-06,5794,134,65.8571428571429,3.71428571428571,10.9407788220697,0.617050432481155
12011,Broward,2020-08-06,60058,782,820.857142857143,15.1428571428571,42.0353538833981,0.775452055628297
12013,Calhoun,2020-08-06,356,7,11.1428571428571,0,78.9993416721527,0
12015,Charlotte,2020-08-06,2144,89,36.4285714285714,0.571428571428571,19.2835590644071,0.302487201010307
12017,Citrus,2020-08-06,1429,36,33.8571428571429,1.42857142857143,22.6231601977474,0.954563721423942
12019,Clay,2020-08-06,3110,50,50.2857142857143,0.428571428571429,22.9351222728706,0.195469792098329
12021,Collier,2020-08-06,10118,130,109,1.28571428571429,28.3188967581358,0.334036790069754
12023,Columbia,2020-08-06,2731,13,42,0.428571428571429,58.5888457997377,0.597845365303446
12027,DeSoto,2020-08-06,1321,16,10,0.285714285714286,26.3150969711323,0.751859913460924
12029,Dixie,2020-08-06,375,4,18.2857142857143,0,108.675349374268,0
12031,Duval,2020-08-06,22568,165,250.285714285714,1.85714285714286,26.1325406064927,0.193905837833565
12033,Escambia,2020-08-06,8515,111,131,2.71428571428571,41.1540733107981,0.852701628031803
12035,Flagler,2020-08-06,989,13,17.4285714285714,0.428571428571429,15.1446124282648,0.372408502334381
12037,Franklin,2020-08-06,276,2,24.4285714285714,0.142857142857143,201.472754050074,1.17820324005891
12039,Gadsden,2020-08-06,1662,21,49.7142857142857,0.571428571428571,108.879294161817,1.251486139791
12041,Gilchrist,2020-08-06,339,3,4.85714285714286,0,26.1389670495257,0
12043,Glades,2020-08-06,398,3,1.28571428571429,0,9.30934969020553,0
12045,Gulf,2020-08-06,490,2,27,0.142857142857143,197.961727399369,1.04741654708661
12047,Hamilton,2020-08-06,598,4,4.42857142857143,0.142857142857143,30.6942849221751,0.990138223295972
12049,Hardee,2020-08-06,890,7,10.1428571428571,0,37.6539968922194,0
12051,Hendry,2020-08-06,1709,37,13,0.285714285714286,30.9361762886107,0.679915962387049
12053,Hernando,2020-08-06,1906,42,41.2857142857143,1.85714285714286,21.290075436115,0.957685054219708
12055,Highlands,2020-08-06,1328,34,28,1.14285714285714,26.3601359429868,1.07592391604028
12057,Hillsborough,2020-08-06,31563,378,403,6.71428571428571,27.3783125720124,0.456143456534769
12059,Holmes,2020-08-06,476,2,9,0,45.8785747056125,0
12061,Indian River,2020-08-06,2424,51,36.7142857142857,1.42857142857143,22.9574768571661,0.893287037243816
12063,Jackson,2020-08-06,1797,36,34.8571428571429,1.14285714285714,75.1004930778275,2.46231124845336
12065,Jefferson,2020-08-06,438,5,35.1428571428571,0,246.685786486432,0
12067,Lafayette,2020-08-06,117,1,2.42857142857143,0,28.836041659599,0
12069,Lake,2020-08-06,4840,60,61.7142857142857,1.28571428571429,16.8104766626223,0.350218263804631
12071,Lee,2020-08-06,16089,323,136.142857142857,5.28571428571429,17.6676512720802,0.685942389367226
12073,Leon,2020-08-06,4642,23,77.2857142857143,1.28571428571429,26.3250861039554,0.437940434261735
12075,Levy,2020-08-06,645,4,14.1428571428571,0.142857142857143,34.0767104615501,0.344209196581314
12077,Liberty,2020-08-06,384,4,4,0.285714285714286,47.8812544888676,3.42008960634769
12079,Madison,2020-08-06,675,8,13.1428571428571,0.142857142857143,71.0693621524747,0.772493066874725
12081,Manatee,2020-08-06,9050,189,101.857142857143,1.85714285714286,25.2588679705155,0.460540369728894
12083,Marion,2020-08-06,5707,83,146.428571428571,3.85714285714286,40.0538793061339,1.0550777963567
12085,Martin,2020-08-06,3712,87,21.5714285714286,2,13.3984028393966,1.24223602484472
12086,Miami-Dade,2020-08-06,127676,1784,1680.14285714286,38.4285714285714,61.8395274515763,1.41440633317524
12087,Monroe,2020-08-06,1438,13,29.7142857142857,1,40.0311010862285,1.347200517325
12089,Nassau,2020-08-06,1184,11,21,0.142857142857143,23.6953455571227,0.161192826919202
12091,Okaloosa,2020-08-06,3291,35,84,1.57142857142857,39.8599208495857,0.745678791403815
12093,Okeechobee,2020-08-06,989,7,15.8571428571429,0.714285714285714,37.604683307586,1.69390465349486
12095,Orange,2020-08-06,30775,274,312.142857142857,9,22.4006895926704,0.645878006562121
12097,Osceola,2020-08-06,9286,96,143.571428571429,4.57142857142857,38.2091940065172,1.21661115244632
12099,Palm Beach,2020-08-06,35735,892,434.428571428571,12.2857142857143,29.0244039784717,0.820815107579273
12101,Pasco,2020-08-06,6802,104,85.8571428571429,1.42857142857143,15.4991619879055,0.257889550547512
12103,Pinellas,2020-08-06,17358,469,177.714285714286,7.28571428571429,18.2271810052847,0.747255812917621
12105,Polk,2020-08-06,13654,304,196.142857142857,6,27.0625112473019,0.827840839320232
12107,Putnam,2020-08-06,1446,23,26.4285714285714,1.14285714285714,35.4645957898732,1.53360414226479
12109,St. Johns,2020-08-06,3512,33,49.1428571428571,1.28571428571429,18.5674559994473,0.485776465101819
12111,St. Lucie,2020-08-06,5514,148,87.2857142857143,4.28571428571429,26.5874236699435,1.30543815073372
12113,Santa Rosa,2020-08-06,3700,34,60.1428571428571,1.71428571428571,32.6308275286372,0.930094846421964
12115,Sarasota,2020-08-06,6025,130,83.1428571428571,1.57142857142857,19.1687355946293,0.362295689932857
12117,Seminole,2020-08-06,6932,109,73.2857142857143,5.28571428571429,15.5323602950482,1.12026770159217
12119,Sumter,2020-08-06,1208,40,21.4285714285714,1.85714285714286,16.1822771700434,1.40246402140376
12121,Suwannee,2020-08-06,1302,38,31.4285714285714,0.857142857142857,70.7579787661738,1.92976305725929
12123,Taylor,2020-08-06,857,4,76.8571428571429,0.142857142857143,356.331507520714,0.662326222157461
12125,Union,2020-08-06,244,4,5.42857142857143,0,35.6275607309275,0
12127,Volusia,2020-08-06,7488,124,111.571428571429,2.14285714285714,20.1653090585357,0.387297869242043
12129,Wakulla,2020-08-06,651,4,12.2857142857143,0.285714285714286,36.4139846637846,0.846836852646153
12131,Walton,2020-08-06,1323,15,24.8571428571429,0.428571428571429,33.5585355363676,0.5785954402822
12133,Washington,2020-08-06,747,14,37,0.142857142857143,145.251835276567,0.560817896820723
13001,Appling,2020-08-06,619,19,10.7142857142857,0.428571428571429,58.2741526938198,2.33096610775279
13003,Atkinson,2020-08-06,306,2,4.28571428571429,0,52.4888461201995,0
13005,Bacon,2020-08-06,424,6,3.57142857142857,0,31.9905819726673,0
13007,Baker,2020-08-06,63,3,1.14285714285714,0,37.6187341295965,0
13009,Baldwin,2020-08-06,1010,38,13.8571428571429,0,30.869108614709,0
13011,Banks,2020-08-06,255,3,3.85714285714286,0,20.0537738231406,0
13013,Barrow,2020-08-06,1214,32,26.2857142857143,0,31.5782247545823,0
13015,Bartow,2020-08-06,1772,61,39.5714285714286,0.857142857142857,36.7293142358579,0.795580813773095
13017,Ben Hill,2020-08-06,388,3,8.71428571428571,0,52.1813515825492,0
13019,Berrien,2020-08-06,279,0,3.85714285714286,0,19.8852547153831,0
13021,Bibb,2020-08-06,3395,66,56.8571428571429,1.14285714285714,37.122952524594,0.746190000494351
13023,Bleckley,2020-08-06,166,6,6.14285714285714,0.428571428571429,47.718924437638,3.32922728634684
13025,Brantley,2020-08-06,238,4,2.85714285714286,0,14.9518177672451,0
13027,Brooks,2020-08-06,380,18,3.57142857142857,0.428571428571429,23.105573988669,2.77266887864028
13029,Bryan,2020-08-06,608,9,12.8571428571429,0.428571428571429,32.4454105966711,1.0815136865557
13031,Bulloch,2020-08-06,1175,14,20.4285714285714,0.428571428571429,25.6614554172589,0.538352211550885
13033,Burke,2020-08-06,437,7,8.14285714285714,0,36.3796503724127,0
13035,Butts,2020-08-06,476,37,4.57142857142857,0.142857142857143,18.3326458591136,0.5728951830973
13037,Calhoun,2020-08-06,200,6,2.14285714285714,0,34.6236410220899,0
13039,Camden,2020-08-06,713,4,17.4285714285714,0,31.881921904971,0
13043,Candler,2020-08-06,243,4,5.42857142857143,0,50.2505917668373,0
13045,Carroll,2020-08-06,1811,47,19.4285714285714,0.571428571428571,16.191555627518,0.476222224338765
13047,Catoosa,2020-08-06,593,9,11.4285714285714,0,16.911174058259,0
13049,Charlton,2020-08-06,403,3,7.71428571428571,0,57.6036866359447,0
13051,Chatham,2020-08-06,5441,74,104.857142857143,1.14285714285714,36.228843885272,0.394864783490703
13053,Chattahoochee,2020-08-06,734,1,22.2857142857143,0,204.32487655372,0
13055,Chattooga,2020-08-06,231,3,9.28571428571429,0.142857142857143,37.4590111973629,0.576292479959429
13057,Cherokee,2020-08-06,3155,58,66.8571428571429,0.714285714285714,25.8362127645245,0.276027914150902
13059,Clarke,2020-08-06,1894,18,43.2857142857143,0.285714285714286,33.7297412828656,0.222638556322545
13061,Clay,2020-08-06,85,2,2.14285714285714,0,75.6124609335618,0
13063,Clayton,2020-08-06,4790,103,64.4285714285714,1.14285714285714,22.0452519122179,0.391046597112512
13065,Clinch,2020-08-06,181,4,1.85714285714286,0,28.0619954237361,0
13067,Cobb,2020-08-06,12718,313,256.857142857143,2.28571428571429,33.7907234127804,0.300696092661004
13069,Coffee,2020-08-06,1416,25,19.2857142857143,0.142857142857143,44.5675462429558,0.330129972170043
13071,Colquitt,2020-08-06,1521,22,10.8571428571429,0.142857142857143,23.8095238095238,0.31328320802005
13073,Columbia,2020-08-06,2088,21,49.8571428571429,0.285714285714286,31.8140962882339,0.182315738041455
13075,Cook,2020-08-06,426,6,6.42857142857143,0,37.223922574241,0
13077,Coweta,2020-08-06,1425,22,21.4285714285714,0.571428571428571,14.4291399366849,0.384777064978265
13079,Crawford,2020-08-06,100,0,1.85714285714286,0,14.9721288063758,0
13081,Crisp,2020-08-06,370,14,2,0,8.93974611121044,0
13083,Dade,2020-08-06,121,1,2.28571428571429,0,14.1828883452115,0
13085,Dawson,2020-08-06,335,3,10,0,38.3024360349318,0
13087,Decatur,2020-08-06,728,10,20,0.285714285714286,75.7460990758976,1.08208712965568
13089,DeKalb,2020-08-06,13237,234,188.714285714286,3,24.8538168482538,0.395102311743626
13091,Dodge,2020-08-06,201,3,2.57142857142857,0.142857142857143,12.479633930738,0.693312996152113
13093,Dooly,2020-08-06,245,14,1,0,7.46825989544436,0
13095,Dougherty,2020-08-06,2661,170,15.2857142857143,0.428571428571429,17.3788192797698,0.487256615320647
13097,Douglas,2020-08-06,2493,50,41.4285714285714,0.428571428571429,28.3092265626449,0.29285406788943
13099,Early,2020-08-06,355,31,2.28571428571429,0,22.4309547175102,0
13101,Echols,2020-08-06,217,2,0,0.142857142857143,0,3.5660794522502
13103,Effingham,2020-08-06,684,1,13.8571428571429,0,21.5521072184006,0
13105,Elbert,2020-08-06,339,1,3.57142857142857,0,18.6070051653046,0
13107,Emanuel,2020-08-06,459,9,10.2857142857143,0.285714285714286,45.4195632152004,1.26165453375557
13109,Evans,2020-08-06,236,1,5.85714285714286,0,54.9759982836761,0
13111,Fannin,2020-08-06,303,3,6.28571428571429,0.142857142857143,24.0022693054616,0.545506120578673
13113,Fayette,2020-08-06,1047,26,21.2857142857143,0.285714285714286,18.6029787239355,0.249704412401819
13115,Floyd,2020-08-06,1388,17,31.4285714285714,0.285714285714286,31.9078269899606,0.290071154454188
13117,Forsyth,2020-08-06,2084,22,41.1428571428571,0.428571428571429,16.8444299915076,0.175462812411537
13119,Franklin,2020-08-06,390,5,6.28571428571429,0.142857142857143,26.9207001829384,0.611834095066782
13121,Fulton,2020-08-06,19230,410,277.714285714286,3.85714285714286,26.1025122459587,0.362534892304982
13123,Gilmer,2020-08-06,571,4,14.4285714285714,0.142857142857143,45.9962747571533,0.455408660961914
13125,Glascock,2020-08-06,24,0,0.428571428571429,0,14.4251574746358,0
13127,Glynn,2020-08-06,2422,42,26.5714285714286,2.28571428571429,31.1534828253864,2.67986949035582
13129,Gordon,2020-08-06,1106,23,21.1428571428571,0,36.4764714436056,0
13131,Grady,2020-08-06,453,5,9.42857142857143,0.142857142857143,38.2761800372323,0.579942121776247
13133,Greene,2020-08-06,287,11,8.85714285714286,0,48.3362958805002,0
13135,Gwinnett,2020-08-06,18854,244,306.142857142857,2.28571428571429,32.6988365439634,0.244135037192447
13137,Habersham,2020-08-06,1102,48,14.2857142857143,0.142857142857143,31.5163128435278,0.315163128435278
13139,Hall,2020-08-06,5847,88,82.1428571428571,2.28571428571429,40.1792483615601,1.11803125875646
13141,Hancock,2020-08-06,298,34,2.57142857142857,0,30.4059190189023,0
13143,Haralson,2020-08-06,206,6,3.14285714285714,0,10.5493325149609,0
13145,Harris,2020-08-06,637,16,5.42857142857143,0.142857142857143,15.4063214569515,0.405429512025039
13147,Hart,2020-08-06,284,4,6.14285714285714,0.428571428571429,23.4415460517349,1.63545670128383
13149,Heard,2020-08-06,139,4,1.71428571428571,0.142857142857143,14.3779729454476,1.19816441212063
13151,Henry,2020-08-06,3184,44,49,0.714285714285714,20.8900882925977,0.304520237501424
13153,Houston,2020-08-06,1871,51,34.8571428571429,1,22.0806286825557,0.633460658925777
13155,Irwin,2020-08-06,159,1,1.28571428571429,0,13.6545697293361,0
13157,Jackson,2020-08-06,1017,13,19,0,26.0356002576154,0
13159,Jasper,2020-08-06,149,1,4.14285714285714,0,29.1360654255373,0
13161,Jeff Davis,2020-08-06,418,8,11.4285714285714,0.428571428571429,75.6107934407637,2.83540475402864
13163,Jefferson,2020-08-06,469,7,9.85714285714286,0.285714285714286,64.1657522272026,1.8598768761508
13165,Jenkins,2020-08-06,236,24,1.85714285714286,0.571428571428571,21.4055193308305,6.58631364025555
13167,Johnson,2020-08-06,231,11,2.14285714285714,0.428571428571429,22.2218930089925,4.44437860179849
13169,Jones,2020-08-06,293,3,7.28571428571429,0.142857142857143,25.3548435208432,0.497153794526337
13171,Lamar,2020-08-06,257,11,5.71428571428571,0.285714285714286,29.9537962692547,1.49768981346273
13173,Lanier,2020-08-06,213,4,0.857142857142857,0,8.22357149710119,0
13175,Laurens,2020-08-06,828,8,22.7142857142857,0.714285714285714,47.7732842179904,1.50230453515693
13177,Lee,2020-08-06,527,22,4.42857142857143,0,14.7658423198567,0
13179,Liberty,2020-08-06,676,3,16.2857142857143,0.142857142857143,26.5088537246102,0.232533804601844
13181,Lincoln,2020-08-06,132,4,2.14285714285714,0,27.0528612909625,0
13183,Long,2020-08-06,114,1,0.428571428571429,0,2.19117249640282,0
13185,Lowndes,2020-08-06,3077,37,36,1.57142857142857,30.6628281348483,1.33845678366401
13187,Lumpkin,2020-08-06,320,6,6.42857142857143,0,19.1269605134526,0
13189,McDuffie,2020-08-06,317,10,6.42857142857143,0.142857142857143,30.1640926640927,0.67031317031317
13191,McIntosh,2020-08-06,164,2,3.28571428571429,0,22.8523736661169,0
13193,Macon,2020-08-06,176,10,0.857142857142857,0,6.62039744452659,0
13195,Madison,2020-08-06,371,5,9.57142857142857,0.142857142857143,32.0328934786766,0.478102887741442
13197,Marion,2020-08-06,147,4,2.28571428571429,0,27.3443508280211,0
13199,Meriwether,2020-08-06,373,6,4.14285714285714,0.142857142857143,19.5722452064872,0.674905007120248
13201,Miller,2020-08-06,135,0,1.57142857142857,0,27.4821366112027,0
13205,Mitchell,2020-08-06,634,41,5.71428571428571,0,26.1367868741056,0
13207,Monroe,2020-08-06,441,25,5.28571428571429,0.285714285714286,19.1664162945619,1.03602250240875
13209,Montgomery,2020-08-06,146,1,4.14285714285714,0.142857142857143,45.1685253255249,1.55753535605258
13211,Morgan,2020-08-06,246,0,9,0,46.6901846856194,0
13213,Murray,2020-08-06,564,2,8.14285714285714,0,20.3084026906852,0
13215,Muscogee,2020-08-06,4514,90,53.8571428571429,1.42857142857143,27.5105572675668,0.729723004444743
13217,Newton,2020-08-06,1693,35,27.1428571428571,0.857142857142857,24.290214367534,0.76705940108002
13219,Oconee,2020-08-06,418,15,7.14285714285714,0,17.7330117747198,0
13221,Oglethorpe,2020-08-06,201,7,3.42857142857143,0,22.4691751004091,0
13223,Paulding,2020-08-06,1578,21,33.5714285714286,0.428571428571429,19.9039696985353,0.254093230194068
13225,Peach,2020-08-06,359,12,9.28571428571429,0.142857142857143,33.7098463868231,0.51861302133574
13227,Pickens,2020-08-06,341,5,10.7142857142857,0,32.8749830145921,0
13229,Pierce,2020-08-06,387,6,2.42857142857143,0,12.4766063630692,0
13231,Pike,2020-08-06,200,4,2.85714285714286,0.142857142857143,15.0677294438501,0.753386472192505
13233,Polk,2020-08-06,743,11,18.4285714285714,0.714285714285714,43.2463600980251,1.67621550767539
13235,Pulaski,2020-08-06,90,2,1.71428571428571,0,15.3927064226068,0
13237,Putnam,2020-08-06,401,17,6.57142857142857,0,29.7094288685229,0
13239,Quitman,2020-08-06,29,1,0,0,0,0
13241,Rabun,2020-08-06,203,3,3.85714285714286,0,22.5076901274602,0
13243,Randolph,2020-08-06,266,26,2.85714285714286,0,42.1531846731021,0
13245,Richmond,2020-08-06,3984,87,92.8571428571429,1.42857142857143,45.8513035172888,0.70540466949675
13247,Rockdale,2020-08-06,1242,17,21.7142857142857,0.285714285714286,23.8891543239369,0.314330977946539
13249,Schley,2020-08-06,58,1,1.57142857142857,0,29.8921166336042,0
13251,Screven,2020-08-06,185,9,2.85714285714286,0,20.4578466070661,0
13253,Seminole,2020-08-06,180,5,7.28571428571429,0.428571428571429,90.0582730001766,5.29754547059862
13255,Spalding,2020-08-06,893,41,10,0.428571428571429,14.9918294529481,0.64250697655492
13257,Stephens,2020-08-06,588,12,8.57142857142857,0.285714285714286,33.0624052899848,1.10208017633283
13259,Stewart,2020-08-06,254,5,1.28571428571429,0,19.418732604052,0
13261,Sumter,2020-08-06,742,56,4.14285714285714,0,14.032167534403,0
13263,Talbot,2020-08-06,133,3,1.42857142857143,0,23.0600714862216,0
13265,Taliaferro,2020-08-06,12,0,0.428571428571429,0,27.8836323078353,0
13267,Tattnall,2020-08-06,466,1,12.5714285714286,0,49.7169523508209,0
13269,Taylor,2020-08-06,78,2,1.42857142857143,0,17.8126113288208,0
13271,Telfair,2020-08-06,273,7,5.28571428571429,0.142857142857143,33.3273284092956,0.900738605656638
13273,Terrell,2020-08-06,296,30,1.14285714285714,0.142857142857143,13.3965202538641,1.67456503173301
13275,Thomas,2020-08-06,1057,41,20.7142857142857,0.285714285714286,46.6002693174185,0.642762335412669
13277,Tift,2020-08-06,1297,35,12.7142857142857,0.142857142857143,31.2820729118338,0.351483965301503
13279,Toombs,2020-08-06,699,7,18.2857142857143,0.142857142857143,68.1539854107875,0.532453011021777
13281,Towns,2020-08-06,124,1,2.42857142857143,0,20.1758862554742,0
13283,Treutlen,2020-08-06,107,3,3.57142857142857,0,51.7523340302648,0
13285,Troup,2020-08-06,2238,67,14,1.85714285714286,20.0223105746403,2.65602079051351
13287,Turner,2020-08-06,237,18,3,0,37.5704445835942,0
13289,Twiggs,2020-08-06,106,3,2.71428571428571,0,33.4271639690359,0
13291,Union,2020-08-06,242,7,6.42857142857143,0.142857142857143,26.2272915367444,0.582828700816543
13293,Upson,2020-08-06,496,46,5.14285714285714,0.142857142857143,19.5397307859314,0.542770299609205
13295,Walker,2020-08-06,635,16,16.2857142857143,0.285714285714286,23.3450126656933,0.409561625713917
13297,Walton,2020-08-06,1044,39,23.4285714285714,1,24.7677644525191,1.05716067785143
13299,Ware,2020-08-06,1113,25,9.57142857142857,0.285714285714286,26.785214561562,0.799558643628717
13301,Warren,2020-08-06,62,1,1.71428571428571,0.142857142857143,32.6282016422862,2.71901680352385
13303,Washington,2020-08-06,448,2,8.71428571428571,0.142857142857143,42.7715996578272,0.701173764882413
13305,Wayne,2020-08-06,701,7,21.2857142857143,0.428571428571429,71.1254528877411,1.43205609841089
13307,Webster,2020-08-06,39,2,0.428571428571429,0,16.4392569455861,0
13309,Wheeler,2020-08-06,87,1,0.428571428571429,0,5.45603346367191,0
13311,White,2020-08-06,320,5,5,0,16.2348204428859,0
13313,Whitfield,2020-08-06,3358,28,56.7142857142857,0.571428571428571,54.2056483104769,0.546152627813369
13315,Wilcox,2020-08-06,176,18,3,0,34.7423277359583,0
13317,Wilkes,2020-08-06,183,3,2,0,20.4561726500972,0
13319,Wilkinson,2020-08-06,201,10,4.85714285714286,0,54.2455087909633,0
13321,Worth,2020-08-06,440,23,3.57142857142857,0,17.6392975326151,0
15001,Hawaii,2020-08-06,123,0,1.14285714285714,0,0.567138171163718,0
15003,Honolulu,2020-08-06,2541,22,129.142857142857,0.428571428571429,13.2513605731858,0.0439757541145548
15007,Kauai,2020-08-06,47,0,0,0,0,0
15009,Maui,2020-08-06,180,6,1.85714285714286,0,1.10929168312827,0
16001,Ada,2020-08-06,8569,76,125.428571428571,2.85714285714286,26.0448416233352,0.593276574563445
16003,Adams,2020-08-06,19,0,0.142857142857143,0,3.32690132410673,0
16005,Bannock,2020-08-06,412,2,11.1428571428571,0,12.6900249895877,0
16007,Bear Lake,2020-08-06,22,0,1.42857142857143,0,23.3236151603499,0
16009,Benewah,2020-08-06,60,0,1.57142857142857,0,16.9007159757859,0
16011,Bingham,2020-08-06,274,2,9,0,19.2262502403281,0
16013,Blaine,2020-08-06,575,6,1.14285714285714,0,4.96441137594867,0
16015,Boise,2020-08-06,46,1,1.28571428571429,0,16.418264407027,0
16017,Bonner,2020-08-06,175,0,4.57142857142857,0,9.99459667117465,0
16019,Bonneville,2020-08-06,914,3,39.7142857142857,0.285714285714286,33.3559705987517,0.239971011501811
16021,Boundary,2020-08-06,37,0,0.428571428571429,0,3.49997083357639,0
16025,Camas,2020-08-06,1,0,0,0,0,0
16027,Canyon,2020-08-06,5453,46,122.571428571429,1.71428571428571,53.3269357584451,0.745831269348883
16029,Caribou,2020-08-06,31,0,0.285714285714286,0,3.99321154038135,0
16031,Cassia,2020-08-06,506,1,8,0,33.2917186849771,0
16033,Clark,2020-08-06,9,0,1,0,118.343195266272,0
16035,Clearwater,2020-08-06,16,0,0.142857142857143,0,1.63153429485088,0
16037,Custer,2020-08-06,9,0,0.285714285714286,0,6.6214202946532,0
16039,Elmore,2020-08-06,205,3,1.57142857142857,0,5.71200091392015,0
16041,Franklin,2020-08-06,50,0,0.285714285714286,0,2.05905365893835,0
16043,Fremont,2020-08-06,72,0,4,0,30.5366821894801,0
16045,Gem,2020-08-06,171,1,3.85714285714286,0.142857142857143,21.2960625946492,0.78874305906108
16047,Gooding,2020-08-06,152,0,3.42857142857143,0,22.5875975266581,0
16049,Idaho,2020-08-06,30,0,0.428571428571429,0,2.57137714388569,0
16051,Jefferson,2020-08-06,174,1,7.42857142857143,0,24.8688407772469,0
16053,Jerome,2020-08-06,458,6,7,0,28.6744224152056,0
16055,Kootenai,2020-08-06,1729,15,32.8571428571429,0.857142857142857,19.8296546450104,0.517295338565488
16057,Latah,2020-08-06,100,0,3.28571428571429,0,8.19216686375358,0
16059,Lemhi,2020-08-06,14,0,0.428571428571429,0,5.33912331595152,0
16063,Lincoln,2020-08-06,56,0,0.857142857142857,0,15.9735903306533,0
16065,Madison,2020-08-06,150,0,2.71428571428571,0,6.80152783793749,0
16067,Minidoka,2020-08-06,464,2,6.42857142857143,0,30.5554989712982,0
16069,Nez Perce,2020-08-06,140,19,1.57142857142857,0,3.88890460163475,0
16071,Oneida,2020-08-06,13,0,0.571428571428571,0,12.6115332471545,0
16073,Owyhee,2020-08-06,255,2,3.14285714285714,0.285714285714286,26.5825690844722,2.41659718949747
16075,Payette,2020-08-06,367,2,8,0,33.4015281199115,0
16077,Power,2020-08-06,58,0,2,0,26.0382762661112,0
16079,Shoshone,2020-08-06,82,2,2.71428571428571,0.142857142857143,21.0703750526759,1.10896710803558
16081,Teton,2020-08-06,76,0,3,0,24.7076264206885,0
16083,Twin Falls,2020-08-06,1310,33,19.5714285714286,0.285714285714286,22.527485176257,0.328868396733679
16085,Valley,2020-08-06,56,1,1.42857142857143,0,12.5401284109149,0
16087,Washington,2020-08-06,200,3,2.71428571428571,0.142857142857143,26.6263067911096,1.40138456795314
17001,Adams,2020-08-06,486,5,17.5714285714286,0.428571428571429,26.853256776081,0.654957482343438
17003,Alexander,2020-08-06,36,0,0.142857142857143,0,2.47972822178689,0
17005,Bond,2020-08-06,59,3,2,0.142857142857143,12.1758188238159,0.869701344558279
17007,Boone,2020-08-06,754,23,6,0,11.2057373375168,0
17009,Brown,2020-08-06,13,0,0,0,0,0
17011,Bureau,2020-08-06,170,2,8.85714285714286,0,27.1458344279234,0
17013,Calhoun,2020-08-06,9,0,0.428571428571429,0,9.04349923130257,0
17015,Carroll,2020-08-06,48,4,0.714285714285714,0.142857142857143,4.99325910021471,0.998651820042942
17017,Cass,2020-08-06,219,11,4.28571428571429,0,35.2820802314504,0
17019,Champaign,2020-08-06,1615,19,23.1428571428571,0,11.0367530690008,0
17021,Christian,2020-08-06,128,5,4.42857142857143,0,13.7090497417392,0
17023,Clark,2020-08-06,76,1,1.57142857142857,0.142857142857143,10.1769870567228,0.925180641520257
17025,Clay,2020-08-06,18,0,0.857142857142857,0,6.50138696255201,0
17027,Clinton,2020-08-06,378,17,8.14285714285714,0,21.6784440201724,0
17029,Coles,2020-08-06,433,20,9.57142857142857,0.142857142857143,18.9080195401683,0.282209246868183
17031,Cook,2020-08-06,109150,4912,637,5.71428571428571,12.3683724600421,0.110951984391497
17033,Crawford,2020-08-06,29,0,0,0,0,0
17035,Cumberland,2020-08-06,51,2,1.14285714285714,0,10.6154295268172,0
17037,DeKalb,2020-08-06,928,30,14.4285714285714,0.285714285714286,13.7549895884262,0.272376031453984
17039,De Witt,2020-08-06,32,0,0.857142857142857,0,5.48115396561489,0
17041,Douglas,2020-08-06,106,2,0.428571428571429,0,2.20175406407104,0
17043,DuPage,2020-08-06,11926,519,107,1.42857142857143,11.5936250231602,0.154788051043527
17045,Edgar,2020-08-06,28,0,0.428571428571429,0,2.49735696387989,0
17047,Edwards,2020-08-06,17,0,0.714285714285714,0,11.1694404110354,0
17049,Effingham,2020-08-06,129,1,6.85714285714286,0,20.1633229156165,0
17051,Fayette,2020-08-06,60,3,1.14285714285714,0,5.35647329798061,0
17053,Ford,2020-08-06,51,1,1.85714285714286,0,14.3287003868749,0
17055,Franklin,2020-08-06,147,0,5.28571428571429,0,13.7401915456973,0
17057,Fulton,2020-08-06,32,0,1,0,2.9120559114735,0
17059,Gallatin,2020-08-06,48,2,0.857142857142857,0.285714285714286,17.7535803053616,5.91786010178719
17061,Greene,2020-08-06,33,0,2.28571428571429,0,17.6244451053611,0
17063,Grundy,2020-08-06,299,5,5.57142857142857,0,10.9128150026023,0
17065,Hamilton,2020-08-06,26,0,1.28571428571429,0,15.8417235795255,0
17067,Hancock,2020-08-06,46,1,2.57142857142857,0,14.5212817451354,0
17069,Hardin,2020-08-06,18,0,0.285714285714286,0,7.4774741092459,0
17071,Henderson,2020-08-06,10,0,0.142857142857143,0,2.14952065689351,0
17073,Henry,2020-08-06,224,1,5.42857142857143,0,11.0984225636772,0
17075,Iroquois,2020-08-06,252,9,1.71428571428571,0.285714285714286,6.32251130148895,1.05375188358149
17077,Jackson,2020-08-06,685,19,13.4285714285714,0,23.6626809314034,0
17079,Jasper,2020-08-06,55,7,0.714285714285714,0,7.43273375947674,0
17081,Jefferson,2020-08-06,218,19,6.71428571428571,0.285714285714286,17.8173381654965,0.758184602787087
17083,Jersey,2020-08-06,85,1,3.42857142857143,0,15.7468949091601,0
17085,Jo Daviess,2020-08-06,121,1,1.85714285714286,0,8.74566921188066,0
17087,Johnson,2020-08-06,66,0,2.14285714285714,0,17.2574465882028,0
17089,Kane,2020-08-06,9582,302,73.8571428571429,0.714285714285714,13.8724129760995,0.134162601316242
17091,Kankakee,2020-08-06,1796,68,9.71428571428571,0,8.84226185058138,0
17093,Kendall,2020-08-06,1377,25,9.71428571428571,0.142857142857143,7.53103784346516,0.110750556521547
17095,Knox,2020-08-06,285,2,7.14285714285714,0.142857142857143,14.3722351412647,0.287444702825294
17097,Lake,2020-08-06,12385,444,88.1428571428571,0.571428571428571,12.6544763928384,0.0820387448482232
17099,LaSalle,2020-08-06,666,21,29,0.428571428571429,26.6865435404761,0.394382416854327
17101,Lawrence,2020-08-06,44,0,0.428571428571429,0,2.73358482313706,0
17103,Lee,2020-08-06,162,1,3.71428571428571,0,10.8936113159482,0
17105,Livingston,2020-08-06,103,2,2.85714285714286,0,8.01487560913055,0
17107,Logan,2020-08-06,90,0,2.28571428571429,0,7.9869812206104,0
17109,McDonough,2020-08-06,137,15,2,0,6.73809042517351,0
17111,McHenry,2020-08-06,3118,115,31.4285714285714,0.285714285714286,10.211574541245,0.0928324958295001
17113,McLean,2020-08-06,611,15,13,0,7.57942361398579,0
17115,Macon,2020-08-06,550,23,18,0,17.3061946562317,0
17117,Macoupin,2020-08-06,154,3,4.42857142857143,0,9.85747991935946,0
17119,Madison,2020-08-06,2410,74,51.8571428571429,0.285714285714286,19.7200941783892,0.108650656630243
17121,Marion,2020-08-06,153,0,4,0,10.7512431124849,0
17123,Marshall,2020-08-06,22,0,0.571428571428571,0,4.99587840031974,0
17125,Mason,2020-08-06,45,0,0.428571428571429,0,3.20811010233871,0
17127,Massac,2020-08-06,36,0,0.428571428571429,0,3.11190407037052,0
17129,Menard,2020-08-06,53,0,1.42857142857143,0,11.7134423464368,0
17131,Mercer,2020-08-06,73,3,2.71428571428571,0.428571428571429,17.5829870718774,2.77626111661222
17133,Monroe,2020-08-06,299,13,7.28571428571429,0,21.0344841808306,0
17135,Montgomery,2020-08-06,161,6,4,0.142857142857143,14.0775673963539,0.502770264155497
17137,Morgan,2020-08-06,222,6,6.57142857142857,0.142857142857143,19.5241207779089,0.42443740821541
17139,Moultrie,2020-08-06,69,0,2.42857142857143,0,16.7476134650812,0
17141,Ogle,2020-08-06,404,5,4.14285714285714,0,8.18051288994954,0
17143,Peoria,2020-08-06,1488,35,42.7142857142857,0.142857142857143,23.8388905587629,0.0797287309657621
17145,Perry,2020-08-06,142,1,6.14285714285714,0,29.3691773898314,0
17147,Piatt,2020-08-06,54,0,2.85714285714286,0,17.4812950143347,0
17149,Pike,2020-08-06,18,0,0.857142857142857,0,5.50827618496791,0
17151,Pope,2020-08-06,8,0,0.142857142857143,0,3.42008960634769,0
17153,Pulaski,2020-08-06,91,0,0.142857142857143,0,2.67773463649752,0
17155,Putnam,2020-08-06,11,0,0.571428571428571,0,9.95693625071566,0
17157,Randolph,2020-08-06,441,7,3.57142857142857,0,11.2372681751575,0
17159,Richland,2020-08-06,15,0,0.428571428571429,0,2.76265988894107,0
17161,Rock Island,2020-08-06,1693,34,20.4285714285714,0.571428571428571,14.3985871260521,0.402757681847611
17163,St. Clair,2020-08-06,4224,159,73.7142857142857,0.714285714285714,28.3859298207395,0.27505745950329
17165,Saline,2020-08-06,126,2,4.57142857142857,0.142857142857143,19.4603404343305,0.608135638572827
17167,Sangamon,2020-08-06,1161,34,31.5714285714286,0,16.2177552865479,0
17169,Schuyler,2020-08-06,17,0,0.285714285714286,0,4.22154677473826,0
17171,Scott,2020-08-06,13,0,0.857142857142857,0,17.3125198372623,0
17173,Shelby,2020-08-06,68,1,2.28571428571429,0,10.5653798914407,0
17175,Stark,2020-08-06,7,0,0,0,0,0
17177,Stephenson,2020-08-06,325,6,1.85714285714286,0,4.17354231008777,0
17179,Tazewell,2020-08-06,448,8,18,0,13.6567452941132,0
17181,Union,2020-08-06,309,23,4.71428571428571,0.285714285714286,28.3089276063515,1.71569258220312
17183,Vermilion,2020-08-06,222,2,4.85714285714286,0,6.41139266762963,0
17185,Wabash,2020-08-06,34,0,1.14285714285714,0,9.92063492063492,0
17187,Warren,2020-08-06,187,0,1.71428571428571,0,10.1774264680938,0
17189,Washington,2020-08-06,60,0,1,0,7.20097933318931,0
17191,Wayne,2020-08-06,55,1,2.85714285714286,0,17.6203691467336,0
17193,White,2020-08-06,64,0,1.28571428571429,0,9.49777857512215,0
17195,Whiteside,2020-08-06,348,16,5.71428571428571,0,10.3566573888278,0
17197,Will,2020-08-06,9013,345,85.1428571428571,1,12.3262714414561,0.144771644446632
17199,Williamson,2020-08-06,364,6,10.7142857142857,0.142857142857143,16.0882407830469,0.214509877107291
17201,Winnebago,2020-08-06,3746,128,19.4285714285714,0.857142857142857,6.87561804728403,0.303336090321354
17203,Woodford,2020-08-06,128,3,6,0,15.6010296679581,0
18001,Adams,2020-08-06,90,3,2.28571428571429,0.142857142857143,6.38878130003714,0.399298831252321
18003,Allen,2020-08-06,3751,170,35,0.714285714285714,9.22754871486611,0.188317320711553
18005,Bartholomew,2020-08-06,764,50,5.85714285714286,0,6.9911825841116,0
18007,Benton,2020-08-06,60,0,0.571428571428571,0,6.5321052975374,0
18009,Blackford,2020-08-06,64,2,1.14285714285714,0,9.71982601511433,0
18011,Boone,2020-08-06,672,49,6.42857142857143,0.142857142857143,9.47565913737811,0.210570203052847
18013,Brown,2020-08-06,71,1,0.571428571428571,0,3.78630116239446,0
18015,Carroll,2020-08-06,157,2,4.57142857142857,0,22.5671549164663,0
18017,Cass,2020-08-06,1769,10,3.71428571428571,0,9.85509223987295,0
18019,Clark,2020-08-06,1163,53,22,0.142857142857143,18.5964734324018,0.120756320989622
18021,Clay,2020-08-06,104,5,1.71428571428571,0,6.53683780471197,0
18023,Clinton,2020-08-06,405,4,10.2857142857143,0,31.7470115920685,0
18025,Crawford,2020-08-06,45,1,0.571428571428571,0,5.40255811126568,0
18027,Daviess,2020-08-06,261,22,5,0.142857142857143,14.992054211268,0.428344406036229
18029,Dearborn,2020-08-06,482,30,5.57142857142857,0.285714285714286,11.2649694112754,0.577690739039762
18031,Decatur,2020-08-06,346,35,2.85714285714286,0,10.7577200088213,0
18033,DeKalb,2020-08-06,224,5,2,0,4.60034502587694,0
18035,Delaware,2020-08-06,683,53,12,0,10.5138651596793,0
18037,Dubois,2020-08-06,658,12,10.1428571428571,0.285714285714286,23.7337540781944,0.668556452906883
18039,Elkhart,2020-08-06,4803,84,35.4285714285714,0.714285714285714,17.1699136034872,0.346167612973531
18041,Fayette,2020-08-06,249,7,5.57142857142857,0,24.1166503827745,0
18043,Floyd,2020-08-06,744,48,15,0.285714285714286,19.1029265683503,0.363865267968577
18045,Fountain,2020-08-06,64,2,0.571428571428571,0,3.49583122126864,0
18047,Franklin,2020-08-06,244,14,6.57142857142857,0.714285714285714,28.8752463811784,3.1386137370846
18049,Fulton,2020-08-06,160,2,4.28571428571429,0.142857142857143,21.4564648328541,0.715215494428471
18051,Gibson,2020-08-06,209,4,2.14285714285714,0.142857142857143,6.36637197438172,0.424424798292115
18053,Grant,2020-08-06,772,32,10,0,15.2047317125089,0
18055,Greene,2020-08-06,246,37,1.42857142857143,0,4.47519399965989,0
18057,Hamilton,2020-08-06,2639,112,34.8571428571429,0,10.3124285473381,0
18059,Hancock,2020-08-06,644,39,6.71428571428571,0.142857142857143,8.58955802155065,0.182756553650014
18061,Harrison,2020-08-06,311,25,5.85714285714286,0.142857142857143,14.4567267854939,0.35260309232912
18063,Hendricks,2020-08-06,1839,122,18.8571428571429,0.142857142857143,11.0721813958833,0.0838801620900252
18065,Henry,2020-08-06,375,19,2.14285714285714,0.142857142857143,4.46689140093626,0.297792760062417
18067,Howard,2020-08-06,862,68,11.1428571428571,0.285714285714286,13.4992938830892,0.346135740592031
18069,Huntington,2020-08-06,122,3,0.285714285714286,0,0.782350179940541,0
18071,Jackson,2020-08-06,566,6,3.28571428571429,0.142857142857143,7.42853267100967,0.322979681348246
18073,Jasper,2020-08-06,220,2,3.57142857142857,0,10.6412864889714,0
18075,Jay,2020-08-06,89,0,1,0,4.89332550401253,0
18077,Jefferson,2020-08-06,154,2,1.14285714285714,0,3.5373812766409,0
18079,Jennings,2020-08-06,217,14,1.71428571428571,0,6.18094723016302,0
18081,Johnson,2020-08-06,1728,126,13.4285714285714,0,8.49012210421354,0
18083,Knox,2020-08-06,143,0,3.14285714285714,0,8.58844931643751,0
18085,Kosciusko,2020-08-06,846,13,5.57142857142857,0.142857142857143,7.01196709050112,0.179794027961567
18087,LaGrange,2020-08-06,556,10,2.71428571428571,0,6.85183448852859,0
18089,Lake,2020-08-06,7385,290,66.5714285714286,1.14285714285714,13.7121294377939,0.23540136373895
18091,LaPorte,2020-08-06,873,30,11.8571428571429,0.142857142857143,10.7902071719777,0.130002496047924
18093,Lawrence,2020-08-06,338,28,3.71428571428571,0,8.18665575112566,0
18095,Madison,2020-08-06,910,76,15.1428571428571,0.142857142857143,11.6870988761642,0.110255649775134
18097,Marion,2020-08-06,15470,771,151.142857142857,0.857142857142857,15.6692595489919,0.0888615853439995
18099,Marshall,2020-08-06,758,22,5.14285714285714,0.142857142857143,11.1177680462993,0.308826890174981
18101,Martin,2020-08-06,42,0,0,0,0,0
18103,Miami,2020-08-06,268,2,3,0,8.44689717310508,0
18105,Monroe,2020-08-06,712,33,8,0,5.38970969676146,0
18107,Montgomery,2020-08-06,348,22,2.85714285714286,0,7.45250888711685,0
18109,Morgan,2020-08-06,463,37,6.14285714285714,0.285714285714286,8.71463227291796,0.405331733624091
18111,Newton,2020-08-06,115,11,0.857142857142857,0,6.1294540699575,0
18113,Noble,2020-08-06,649,30,4.57142857142857,0.142857142857143,9.57487552661815,0.299214860206817
18115,Ohio,2020-08-06,57,4,2.14285714285714,0.142857142857143,36.4741641337386,2.43161094224924
18117,Orange,2020-08-06,168,26,1.14285714285714,0,5.81725105801254,0
18119,Owen,2020-08-06,83,1,1.57142857142857,0,7.55530829092058,0
18121,Parke,2020-08-06,55,1,0.857142857142857,0,5.06077143025835,0
18123,Perry,2020-08-06,190,13,1.28571428571429,0,6.70725799840516,0
18125,Pike,2020-08-06,52,0,2.85714285714286,0,23.0619328205897,0
18127,Porter,2020-08-06,1248,41,16.7142857142857,0,9.80948636020266,0
18129,Posey,2020-08-06,165,0,1.71428571428571,0,6.74198967351915,0
18131,Pulaski,2020-08-06,77,1,0.714285714285714,0,5.78228539047773,0
18133,Putnam,2020-08-06,282,8,9.14285714285714,0,24.3316402566988,0
18135,Randolph,2020-08-06,144,4,2,0,8.10865599026961,0
18137,Ripley,2020-08-06,194,7,1.71428571428571,0,6.05241390441221,0
18139,Rush,2020-08-06,106,4,0,0,0,0
18141,St. Joseph,2020-08-06,3312,84,47.7142857142857,0.142857142857143,17.553245721265,0.0525546279079789
18143,Scott,2020-08-06,261,11,3,0,12.5664977170862,0
18145,Shelby,2020-08-06,863,35,7.14285714285714,0.142857142857143,15.9691858589665,0.319383717179331
18147,Spencer,2020-08-06,122,3,1.28571428571429,0,6.34075201318876,0
18149,Starke,2020-08-06,176,8,2.85714285714286,0,12.4250613487404,0
18151,Steuben,2020-08-06,204,3,1.85714285714286,0,5.36839584073208,0
18153,Sullivan,2020-08-06,95,1,3.28571428571429,0,15.8968227089568,0
18155,Switzerland,2020-08-06,46,0,0.714285714285714,0,6.64390023519407,0
18157,Tippecanoe,2020-08-06,1149,12,16.4285714285714,0,8.39340088926258,0
18159,Tipton,2020-08-06,131,7,5.57142857142857,0.142857142857143,36.7799615225018,0.943075936474405
18161,Union,2020-08-06,57,0,1,0,14.1763538417919,0
18163,Vanderburgh,2020-08-06,1845,13,37.5714285714286,0.714285714285714,20.7061016866419,0.393652123320188
18165,Vermillion,2020-08-06,49,0,3.14285714285714,0,20.2791143557694,0
18167,Vigo,2020-08-06,546,11,19.7142857142857,0,18.4180251072383,0
18169,Wabash,2020-08-06,165,3,1.85714285714286,0,5.9915565142046,0
18171,Warren,2020-08-06,21,1,0.142857142857143,0,1.72845907873131,0
18173,Warrick,2020-08-06,555,32,13.5714285714286,0.142857142857143,21.5426340065217,0.226764568489703
18175,Washington,2020-08-06,121,1,3.14285714285714,0,11.2100768399812,0
18177,Wayne,2020-08-06,631,10,10.1428571428571,0.285714285714286,15.3950232876831,0.43366262782206
18179,Wells,2020-08-06,171,2,4.85714285714286,0,17.1654751807424,0
18181,White,2020-08-06,351,10,2.42857142857143,0,10.0762236684567,0
18183,Whitley,2020-08-06,147,6,0.857142857142857,0,2.52368053569325,0
19001,Adair,2020-08-06,27,0,1,0,13.9821029082774,0
19003,Adams,2020-08-06,16,0,0.142857142857143,0,3.96605060680574,0
19005,Allamakee,2020-08-06,154,4,1.14285714285714,0,8.34994624722103,0
19007,Appanoose,2020-08-06,47,3,1,0,8.04764204088202,0
19009,Audubon,2020-08-06,28,1,0,0,0,0
19011,Benton,2020-08-06,146,1,3.42857142857143,0,13.3693563211988,0
19013,Black Hawk,2020-08-06,3084,63,19.5714285714286,0.142857142857143,14.9140645071392,0.108861784723643
19015,Boone,2020-08-06,244,2,2.85714285714286,0,10.8909920604668,0
19017,Bremer,2020-08-06,203,7,3.42857142857143,0,13.6803584253907,0
19019,Buchanan,2020-08-06,123,1,2.85714285714286,0,13.4930005059875,0
19021,Buena Vista,2020-08-06,1791,12,1.28571428571429,0,6.55307994757536,0
19023,Butler,2020-08-06,119,2,2,0,13.8513747489438,0
19025,Calhoun,2020-08-06,83,2,0.285714285714286,0,2.95525740291979,0
19027,Carroll,2020-08-06,185,1,1.57142857142857,0,7.79285182954908,0
19029,Cass,2020-08-06,50,1,1.42857142857143,0.142857142857143,11.12941281218,1.112941281218
19031,Cedar,2020-08-06,128,1,1.71428571428571,0,9.20323033384718,0
19033,Cerro Gordo,2020-08-06,596,17,4.14285714285714,0,9.75938078411577,0
19035,Cherokee,2020-08-06,103,1,0.857142857142857,0,7.62921991226397,0
19037,Chickasaw,2020-08-06,54,0,0.857142857142857,0,7.18296201410255,0
19039,Clarke,2020-08-06,195,3,3.42857142857143,0,36.493575610127,0
19041,Clay,2020-08-06,176,1,1.14285714285714,0,7.13572142143571,0
19043,Clayton,2020-08-06,102,3,1.85714285714286,0,10.5826135799354,0
19045,Clinton,2020-08-06,362,3,11.7142857142857,0.142857142857143,25.2305363335108,0.307689467481839
19047,Crawford,2020-08-06,726,3,2.57142857142857,0,15.2879225411925,0
19049,Dallas,2020-08-06,1846,35,17.7142857142857,0,18.9552884490447,0
19051,Davis,2020-08-06,52,1,0.428571428571429,0,4.76190476190476,0
19053,Decatur,2020-08-06,23,0,0.428571428571429,0,5.44563441640951,0
19055,Delaware,2020-08-06,99,1,2.42857142857143,0,14.2764765655836,0
19057,Des Moines,2020-08-06,152,2,2.14285714285714,0,5.4991586287298,0
19059,Dickinson,2020-08-06,377,4,1.42857142857143,0,8.27773454960846,0
19061,Dubuque,2020-08-06,1623,31,24.4285714285714,0.428571428571429,25.1036074324295,0.440414165481218
19063,Emmet,2020-08-06,188,2,2.42857142857143,0.142857142857143,26.3745811095941,1.55144594762318
19065,Fayette,2020-08-06,81,0,0.857142857142857,0,4.36205016357688,0
19067,Floyd,2020-08-06,143,2,5.42857142857143,0,34.7050979962372,0
19069,Franklin,2020-08-06,233,9,4.14285714285714,0.714285714285714,41.14058731735,7.09320470988793
19071,Fremont,2020-08-06,37,0,0.857142857142857,0,12.3152709359606,0
19073,Greene,2020-08-06,39,0,0.285714285714286,0,3.21460717500321,0
19075,Grundy,2020-08-06,76,1,0.714285714285714,0,5.83948425675044,0
19077,Guthrie,2020-08-06,131,5,1.14285714285714,0,10.6918995496037,0
19079,Hamilton,2020-08-06,244,1,1,0,6.76910580112367,0
19081,Hancock,2020-08-06,121,2,1.85714285714286,0,17.4707700577879,0
19083,Hardin,2020-08-06,173,0,2.57142857142857,0,15.2643272671766,0
19085,Harrison,2020-08-06,102,0,1.85714285714286,0,13.2190394842541,0
19087,Henry,2020-08-06,119,3,1.57142857142857,0,7.87525594581824,0
19089,Howard,2020-08-06,49,0,0.285714285714286,0,3.11983277696315,0
19091,Humboldt,2020-08-06,100,1,2,0,20.9248796819418,0
19093,Ida,2020-08-06,29,0,0,0,0,0
19095,Iowa,2020-08-06,94,1,1.57142857142857,0,9.70976625944495,0
19097,Jackson,2020-08-06,148,1,2.57142857142857,0,13.2281936901516,0
19099,Jasper,2020-08-06,466,26,3,0.285714285714286,8.06776926179911,0.768358977314201
19101,Jefferson,2020-08-06,80,0,0.714285714285714,0,3.9042673642291,0
19103,Johnson,2020-08-06,2021,16,23.5714285714286,0.285714285714286,15.5957579538366,0.189039490349534
19105,Jones,2020-08-06,127,2,1.14285714285714,0.142857142857143,5.52612128454689,0.690765160568362
19107,Keokuk,2020-08-06,33,1,0.714285714285714,0,6.97136164635677,0
19109,Kossuth,2020-08-06,83,0,1,0,6.7508269763046,0
19111,Lee,2020-08-06,107,3,2.85714285714286,0.142857142857143,8.48900037776052,0.424450018888026
19113,Linn,2020-08-06,2279,87,44.1428571428571,0,19.4714110534601,0
19115,Louisa,2020-08-06,380,14,0.428571428571429,0,3.88374652081041,0
19117,Lucas,2020-08-06,57,4,2.28571428571429,0,26.578073089701,0
19119,Lyon,2020-08-06,109,2,1.57142857142857,0.285714285714286,13.3681715987118,2.43057665431124
19121,Madison,2020-08-06,114,2,3,0,18.3621006243114,0
19123,Mahaska,2020-08-06,139,17,0.857142857142857,0,3.87935214819125,0
19125,Marion,2020-08-06,162,0,2.85714285714286,0,8.5921356182686,0
19127,Marshall,2020-08-06,1425,25,8.71428571428571,0.142857142857143,22.1348922103323,0.362867085415283
19129,Mills,2020-08-06,85,0,1.42857142857143,0,9.455102446035,0
19131,Mitchell,2020-08-06,78,0,0.285714285714286,0,2.69898248360368,0
19133,Monona,2020-08-06,91,0,0.285714285714286,0,3.31647458751347,0
19135,Monroe,2020-08-06,69,7,0.428571428571429,0,5.56080742923873,0
19137,Montgomery,2020-08-06,53,4,1.71428571428571,0.142857142857143,17.2863337126723,1.44052780938936
19139,Muscatine,2020-08-06,840,48,6.42857142857143,0.142857142857143,15.0679060298412,0.334842356218692
19141,O'Brien,2020-08-06,135,2,2.85714285714286,0.142857142857143,20.7746881199946,1.03873440599973
19143,Osceola,2020-08-06,79,0,0.285714285714286,0,4.79547307341869,0
19145,Page,2020-08-06,85,0,2.71428571428571,0,17.9670729746853,0
19147,Palo Alto,2020-08-06,80,0,0.857142857142857,0,9.64599209028649,0
19149,Plymouth,2020-08-06,452,8,3.28571428571429,0,13.0504598868582,0
19151,Pocahontas,2020-08-06,115,1,0.285714285714286,0,4.3165778171066,0
19153,Polk,2020-08-06,10032,206,92,0.714285714285714,18.7693431341947,0.145724713774803
19155,Pottawattamie,2020-08-06,1284,26,21,0.714285714285714,22.530738364483,0.766351645050441
19157,Poweshiek,2020-08-06,153,8,2.42857142857143,0,13.1245753813847,0
19159,Ringgold,2020-08-06,21,1,0,0,0,0
19161,Sac,2020-08-06,82,0,0.428571428571429,0,4.40871750407806,0
19163,Scott,2020-08-06,1655,14,16.1428571428571,0.428571428571429,9.334206728724,0.247810798107717
19165,Shelby,2020-08-06,177,1,4,0,34.922297887201,0
19167,Sioux,2020-08-06,614,3,5.14285714285714,0.142857142857143,14.7550054306617,0.409861261962826
19169,Story,2020-08-06,1141,14,8.14285714285714,0.142857142857143,8.38458472034468,0.147097977549907
19171,Tama,2020-08-06,545,29,1.85714285714286,0,11.0190035430334,0
19173,Taylor,2020-08-06,96,0,0.428571428571429,0,7.00165705883726,0
19175,Union,2020-08-06,75,1,1.14285714285714,0,9.33630539054933,0
19177,Van Buren,2020-08-06,34,1,0.857142857142857,0,12.1684108055488,0
19179,Wapello,2020-08-06,872,33,7.28571428571429,0.285714285714286,20.834780193069,0.817050203649763
19181,Warren,2020-08-06,547,1,6.85714285714286,0,13.3236366866336,0
19183,Washington,2020-08-06,293,10,1.28571428571429,0,5.85346817989659,0
19185,Wayne,2020-08-06,19,1,0.571428571428571,0,8.87173686428461,0
19187,Webster,2020-08-06,772,7,12.5714285714286,0.285714285714286,35.0140056022409,0.795772854596384
19189,Winnebago,2020-08-06,77,0,0.857142857142857,0,8.27837412732139,0
19191,Winneshiek,2020-08-06,91,1,2.42857142857143,0,12.148323888607,0
19193,Woodbury,2020-08-06,3691,51,11.2857142857143,0.571428571428571,10.9456334542895,0.554209288824785
19195,Worth,2020-08-06,65,0,1.28571428571429,0,17.4192424565003,0
19197,Wright,2020-08-06,455,1,2.28571428571429,0,18.1954647804035,0
20001,Allen,2020-08-06,16,0,0.285714285714286,0,2.30992227111558,0
20003,Anderson,2020-08-06,29,0,0.428571428571429,0,5.45395047812966,0
20005,Atchison,2020-08-06,62,0,0.428571428571429,0,2.66640595141808,0
20007,Barber,2020-08-06,4,0,0,0,0,0
20009,Barton,2020-08-06,131,3,3.85714285714286,0,14.9623447656731,0
20011,Bourbon,2020-08-06,77,2,1.14285714285714,0.142857142857143,7.86333523363935,0.982916904204919
20013,Brown,2020-08-06,40,0,1.71428571428571,0,17.9243592041584,0
20015,Butler,2020-08-06,251,1,8,0.142857142857143,11.9561805981079,0.213503224966213
20017,Chase,2020-08-06,37,0,4.42857142857143,0,167.242123435477,0
20019,Chautauqua,2020-08-06,5,0,0,0,0,0
20021,Cherokee,2020-08-06,102,1,4,0,20.0611866191885,0
20023,Cheyenne,2020-08-06,2,0,0,0,0,0
20025,Clark,2020-08-06,46,1,0.571428571428571,0,28.6574007737498,0
20027,Clay,2020-08-06,19,2,0.285714285714286,0,3.57053593744421,0
20029,Cloud,2020-08-06,30,0,0.285714285714286,0,3.25192676660922,0
20031,Coffey,2020-08-06,70,8,0.714285714285714,0,8.73316682095261,0
20033,Comanche,2020-08-06,3,0,0,0,0,0
20035,Cowley,2020-08-06,160,2,2,0,5.72934570872006,0
20037,Crawford,2020-08-06,392,1,2.42857142857143,0,6.25630230452735,0
20039,Decatur,2020-08-06,6,0,0,0,0,0
20041,Dickinson,2020-08-06,41,1,0.285714285714286,0,1.54724513004595,0
20043,Doniphan,2020-08-06,43,0,0.285714285714286,0,3.7593984962406,0
20045,Douglas,2020-08-06,700,5,9.28571428571429,0.285714285714286,7.59511715760336,0.233695912541642
20047,Edwards,2020-08-06,10,0,0.142857142857143,0,5.10568773613806,0
20049,Elk,2020-08-06,1,0,0,0,0,0
20051,Ellis,2020-08-06,138,1,1.57142857142857,0,5.5035497896143,0
20053,Ellsworth,2020-08-06,21,0,0.428571428571429,0,7.02345835089198,0
20055,Finney,2020-08-06,1780,10,9.14285714285714,0,25.0715911450274,0
20057,Ford,2020-08-06,2147,10,8.57142857142857,0,25.4957868212278,0
20059,Franklin,2020-08-06,177,1,4.28571428571429,0,16.7777728065858,0
20061,Geary,2020-08-06,185,1,1.14285714285714,0,3.60864269926474,0
20063,Gove,2020-08-06,3,0,0,0,0,0
20065,Graham,2020-08-06,17,0,0.142857142857143,0,5.75572694831357,0
20067,Grant,2020-08-06,106,2,2,0,27.972027972028,0
20069,Gray,2020-08-06,70,0,1.85714285714286,0,31.0144097719248,0
20071,Greeley,2020-08-06,3,0,0,0,0,0
20073,Greenwood,2020-08-06,17,0,0.285714285714286,0,4.77623346229164,0
20075,Hamilton,2020-08-06,41,0,0.142857142857143,0,5.62651212513363,0
20077,Harper,2020-08-06,10,0,0.285714285714286,0,5.25596552086618,0
20079,Harvey,2020-08-06,190,3,5.28571428571429,0,15.3525059854027,0
20081,Haskell,2020-08-06,41,0,0.428571428571429,0,10.8006912442396,0
20083,Hodgeman,2020-08-06,11,0,0,0,0,0
20085,Jackson,2020-08-06,148,1,0.857142857142857,0,6.50780394155992,0
20087,Jefferson,2020-08-06,79,0,3.28571428571429,0,17.2541841396539,0
20089,Jewell,2020-08-06,10,0,0.285714285714286,0,9.92408078201757,0
20091,Johnson,2020-08-06,5439,102,89.4285714285714,0.571428571428571,14.8453557395442,0.0948585031280777
20093,Kearny,2020-08-06,55,1,0.142857142857143,0,3.72217672895109,0
20095,Kingman,2020-08-06,12,0,0.571428571428571,0,7.98977309044423,0
20097,Kiowa,2020-08-06,7,0,0.142857142857143,0,5.77200577200577,0
20099,Labette,2020-08-06,118,0,1.57142857142857,0,8.01013646359757,0
20101,Lane,2020-08-06,5,0,0,0,0,0
20103,Leavenworth,2020-08-06,1472,8,9.42857142857143,0,11.5322921653801,0
20105,Lincoln,2020-08-06,6,0,0,0,0,0
20107,Linn,2020-08-06,39,0,1.28571428571429,0,13.2506882996422,0
20109,Logan,2020-08-06,2,0,0,0,0,0
20111,Lyon,2020-08-06,694,13,7.71428571428571,0.285714285714286,23.2393002388484,0.86071482366105
20113,McPherson,2020-08-06,151,1,2.85714285714286,0,10.0103106199385,0
20115,Marion,2020-08-06,56,1,0.857142857142857,0,7.21257873731788,0
20117,Marshall,2020-08-06,9,0,0,0,0,0
20119,Meade,2020-08-06,57,0,0.428571428571429,0,10.6266161312033,0
20121,Miami,2020-08-06,133,0,2.28571428571429,0,6.67615236648738,0
20123,Mitchell,2020-08-06,27,0,0,0,0,0
20125,Montgomery,2020-08-06,164,5,2.71428571428571,0.142857142857143,8.5277128225383,0.44882699065991
20127,Morris,2020-08-06,11,0,0.571428571428571,0,10.1677681748856,0
20129,Morton,2020-08-06,9,2,0,0,0,0
20131,Nemaha,2020-08-06,48,0,0.571428571428571,0,5.58526606811232,0
20133,Neosho,2020-08-06,60,0,1.57142857142857,0,9.81713357548929,0
20135,Ness,2020-08-06,7,0,0.285714285714286,0,10.3896103896104,0
20137,Norton,2020-08-06,22,0,0,0,0,0
20139,Osage,2020-08-06,38,0,0.142857142857143,0,0.895712225576167,0
20141,Osborne,2020-08-06,4,0,0.142857142857143,0,4.17588842026141,0
20143,Ottawa,2020-08-06,32,0,0.285714285714286,0,5.00901622921258,0
20145,Pawnee,2020-08-06,8,0,0.142857142857143,0,2.22727070248118,0
20147,Phillips,2020-08-06,47,8,0.428571428571429,0,8.18821988099787,0
20149,Pottawatomie,2020-08-06,114,0,1,0,4.10121806176434,0
20151,Pratt,2020-08-06,33,0,0,0,0,0
20155,Reno,2020-08-06,251,1,4.85714285714286,0,7.83435410358859,0
20157,Republic,2020-08-06,31,0,0.714285714285714,0,15.407370886232,0
20159,Rice,2020-08-06,32,0,1.28571428571429,0,13.4813283602211,0
20161,Riley,2020-08-06,465,5,2.85714285714286,0,3.8489369236217,0
20163,Rooks,2020-08-06,17,0,0.285714285714286,0,5.80720092915215,0
20165,Rush,2020-08-06,9,0,0.571428571428571,0,18.8217579521927,0
20167,Russell,2020-08-06,15,0,0.714285714285714,0,10.4184030671779,0
20169,Saline,2020-08-06,367,5,4.71428571428571,0,8.6940943388273,0
20171,Scott,2020-08-06,32,0,0.857142857142857,0,17.7719854269719,0
20173,Sedgwick,2020-08-06,4723,44,108.714285714286,0.714285714285714,21.0669452707891,0.138416197574173
20175,Seward,2020-08-06,1215,4,6.57142857142857,0,30.6674844662524,0
20177,Shawnee,2020-08-06,1494,19,16.4285714285714,0,9.28823826350328,0
20179,Sheridan,2020-08-06,7,0,0,0,0,0
20181,Sherman,2020-08-06,15,0,0.428571428571429,0,7.24305270528019,0
20183,Smith,2020-08-06,3,0,0,0,0,0
20185,Stafford,2020-08-06,3,0,0,0,0,0
20187,Stanton,2020-08-06,30,0,1.28571428571429,0,64.093433983763,0
20189,Stevens,2020-08-06,45,0,0.285714285714286,0,5.20901159005079,0
20191,Sumner,2020-08-06,98,3,0.857142857142857,0,3.75347196156445,0
20193,Thomas,2020-08-06,34,0,0.428571428571429,0,5.51075515714837,0
20195,Trego,2020-08-06,5,0,0,0,0,0
20197,Wabaunsee,2020-08-06,42,0,0.428571428571429,0,6.18339963311829,0
20201,Washington,2020-08-06,3,0,0.142857142857143,0,2.64256646054648,0
20203,Wichita,2020-08-06,4,0,0.142857142857143,0,6.74172453313558,0
20205,Wilson,2020-08-06,9,0,0.142857142857143,0,1.67574361122748,0
20207,Woodson,2020-08-06,11,0,0,0,0,0
20209,Wyandotte,2020-08-06,4843,98,57.7142857142857,0.428571428571429,34.8876470959056,0.259066686355735
21001,Adair,2020-08-06,226,19,3.57142857142857,0,18.5992530539974,0
21003,Allen,2020-08-06,224,8,1.28571428571429,0,6.03196943802152,0
21005,Anderson,2020-08-06,81,1,2,0,8.79236822438124,0
21007,Ballard,2020-08-06,32,0,0.285714285714286,0,3.62213851057664,0
21009,Barren,2020-08-06,355,2,7.57142857142857,0,17.1109597311319,0
21011,Bath,2020-08-06,36,1,0.571428571428571,0,4.57142857142857,0
21013,Bell,2020-08-06,298,3,5.14285714285714,0.142857142857143,19.7559048204408,0.548775133901133
21015,Boone,2020-08-06,1062,25,13.8571428571429,0.142857142857143,10.3735882027705,0.106944208275984
21017,Bourbon,2020-08-06,80,1,1.85714285714286,0,9.38519737792024,0
21019,Boyd,2020-08-06,184,3,2.85714285714286,0,6.11572168573753,0
21021,Boyle,2020-08-06,149,0,3.42857142857143,0,11.4057599087539,0
21023,Bracken,2020-08-06,30,0,0.285714285714286,0,3.44109702173053,0
21025,Breathitt,2020-08-06,28,0,0.571428571428571,0,4.52437507069336,0
21027,Breckinridge,2020-08-06,57,2,1.28571428571429,0,6.27882153496257,0
21029,Bullitt,2020-08-06,333,4,7,0,8.5704490915324,0
21031,Butler,2020-08-06,298,15,1.14285714285714,0,8.87380342306967,0
21033,Caldwell,2020-08-06,49,0,0.571428571428571,0,4.48284750473501,0
21035,Calloway,2020-08-06,217,4,7.28571428571429,0.285714285714286,18.6808396854293,0.732581948448208
21037,Campbell,2020-08-06,551,13,9.71428571428571,0,10.3802847861661,0
21039,Carlisle,2020-08-06,36,1,2.57142857142857,0,54.0216086434574,0
21041,Carroll,2020-08-06,150,2,1.71428571428571,0,16.1253477028098,0
21043,Carter,2020-08-06,101,1,1.42857142857143,0,5.33108716860629,0
21045,Casey,2020-08-06,202,10,4,0,24.754007054892,0
21047,Christian,2020-08-06,613,7,10.5714285714286,0.142857142857143,15.0032338051242,0.202746402771949
21049,Clark,2020-08-06,168,7,3.57142857142857,0,9.84868480663092,0
21051,Clay,2020-08-06,148,5,1,0,5.02487312195367,0
21053,Clinton,2020-08-06,33,0,1,0,9.78665100802505,0
21055,Crittenden,2020-08-06,28,1,0.714285714285714,0,8.11135264916778,0
21057,Cumberland,2020-08-06,56,0,2.14285714285714,0,32.3988077238758,0
21059,Daviess,2020-08-06,740,8,7.85714285714286,0.142857142857143,7.74018860728675,0.140730701950668
21061,Edmonson,2020-08-06,106,12,2,0,16.4609053497942,0
21063,Elliott,2020-08-06,8,0,0.142857142857143,0,1.90045420855584,0
21065,Estill,2020-08-06,18,0,1,0,7.08918190840777,0
21067,Fayette,2020-08-06,3642,47,81,0.285714285714286,25.0656038025449,0.0884148282276717
21069,Fleming,2020-08-06,58,0,1.28571428571429,0,8.81773736859122,0
21071,Floyd,2020-08-06,93,2,2.14285714285714,0.142857142857143,6.02112209631387,0.401408139754258
21073,Franklin,2020-08-06,278,7,5.71428571428571,0.285714285714286,11.2064594032,0.56032297016
21075,Fulton,2020-08-06,71,1,3.42857142857143,0,57.4396285570687,0
21077,Gallatin,2020-08-06,80,8,0.428571428571429,0,4.83224071001723,0
21079,Garrard,2020-08-06,71,0,0.571428571428571,0,3.23462340896961,0
21081,Grant,2020-08-06,108,5,2.42857142857143,0,9.68754808158055,0
21083,Graves,2020-08-06,534,23,9,0.142857142857143,24.1507003703107,0.383344450322393
21085,Grayson,2020-08-06,192,11,3,0,11.3520263367011,0
21087,Green,2020-08-06,40,2,0.857142857142857,0,7.83422774100043,0
21089,Greenup,2020-08-06,103,1,3.28571428571429,0,9.36154278225052,0
21091,Hancock,2020-08-06,49,0,0.857142857142857,0,9.82736593834966,0
21093,Hardin,2020-08-06,567,8,10.2857142857143,0,9.2699168024967,0
21095,Harlan,2020-08-06,219,3,5.85714285714286,0,22.5188114461471,0
21097,Harrison,2020-08-06,119,0,0.857142857142857,0,4.53850925099469,0
21099,Hart,2020-08-06,105,0,1.71428571428571,0,9.00596645277496,0
21101,Henderson,2020-08-06,334,4,3.42857142857143,0,7.58365721869372,0
21103,Henry,2020-08-06,110,2,3.28571428571429,0,20.3752591201432,0
21105,Hickman,2020-08-06,39,0,2.14285714285714,0,48.9236790606654,0
21107,Hopkins,2020-08-06,417,35,3.71428571428571,0,8.31196731478699,0
21109,Jackson,2020-08-06,145,14,1.14285714285714,0,8.57421519136576,0
21111,Jefferson,2020-08-06,7686,251,142.714285714286,0.714285714285714,18.6127137690671,0.0931567255709063
21113,Jessamine,2020-08-06,327,0,9.85714285714286,0,18.2151766740143,0
21115,Johnson,2020-08-06,46,0,2.42857142857143,0,10.945427386747,0
21117,Kenton,2020-08-06,1369,41,16.7142857142857,0.428571428571429,10.0086741842931,0.25663267139213
21119,Knott,2020-08-06,49,1,2.14285714285714,0,14.4728970880531,0
21121,Knox,2020-08-06,228,8,5.71428571428571,0,18.3473614200858,0
21123,Larue,2020-08-06,68,1,1.42857142857143,0,9.92201297799298,0
21125,Laurel,2020-08-06,406,4,6.42857142857143,0,10.5710480137001,0
21127,Lawrence,2020-08-06,36,0,0.571428571428571,0,3.73068206194798,0
21129,Lee,2020-08-06,5,0,0.285714285714286,0,3.85943922348083,0
21131,Leslie,2020-08-06,28,0,0.714285714285714,0,7.231808386005,0
21133,Letcher,2020-08-06,56,0,1.57142857142857,0,7.29099694440946,0
21135,Lewis,2020-08-06,37,0,0.857142857142857,0,6.45682001614205,0
21137,Lincoln,2020-08-06,100,1,1.14285714285714,0,4.65541220765466,0
21139,Livingston,2020-08-06,33,1,0.142857142857143,0,1.55380838435004,0
21141,Logan,2020-08-06,318,23,2.42857142857143,0.142857142857143,8.96085686876034,0.527109227574138
21143,Lyon,2020-08-06,33,4,0.571428571428571,0,6.96015312336871,0
21145,McCracken,2020-08-06,355,4,6,0,9.17178758139961,0
21147,McCreary,2020-08-06,43,0,1.71428571428571,0,9.94884634835885,0
21149,McLean,2020-08-06,43,0,0.428571428571429,0,4.65484336452078,0
21151,Madison,2020-08-06,444,1,14.2857142857143,0,15.3631306373087,0
21153,Magoffin,2020-08-06,34,0,2.57142857142857,0,21.1448776533885,0
21155,Marion,2020-08-06,119,0,3.14285714285714,0,16.3070468679352,0
21157,Marshall,2020-08-06,131,2,2.28571428571429,0,7.34956361966008,0
21159,Martin,2020-08-06,34,0,0.714285714285714,0,6.38039941300325,0
21161,Mason,2020-08-06,53,1,0.714285714285714,0,4.18445058163863,0
21163,Meade,2020-08-06,110,2,3,0,10.4997900041999,0
21165,Menifee,2020-08-06,29,0,0.142857142857143,0,2.20152786033507,0
21167,Mercer,2020-08-06,80,0,4.14285714285714,0,18.8886934886114,0
21169,Metcalfe,2020-08-06,59,2,2.28571428571429,0,22.6960012482801,0
21171,Monroe,2020-08-06,93,2,1,0,9.38967136150235,0
21173,Montgomery,2020-08-06,116,0,1.71428571428571,0,6.0883109503346,0
21175,Morgan,2020-08-06,30,0,0.285714285714286,0,2.14677500724537,0
21177,Muhlenberg,2020-08-06,638,10,1.85714285714286,0.142857142857143,6.06473403808653,0.466518002929733
21179,Nelson,2020-08-06,213,2,4.57142857142857,0,9.8878043203525,0
21181,Nicholas,2020-08-06,20,0,0,0,0,0
21183,Ohio,2020-08-06,360,8,1.71428571428571,0.285714285714286,7.14464330368306,1.19077388394718
21185,Oldham,2020-08-06,596,14,9.42857142857143,0.571428571428571,14.1148391870708,0.855444799216413
21187,Owen,2020-08-06,44,0,0.285714285714286,0,2.62099152109243,0
21189,Owsley,2020-08-06,12,0,0.428571428571429,0,9.70716712506067,0
21191,Pendleton,2020-08-06,43,0,1.42857142857143,0,9.79144227944776,0
21193,Perry,2020-08-06,203,3,4.71428571428571,0.142857142857143,18.3022195600812,0.554612713941854
21195,Pike,2020-08-06,233,3,3.14285714285714,0,5.43032888046365,0
21197,Powell,2020-08-06,51,0,1.42857142857143,0,11.558956457411,0
21199,Pulaski,2020-08-06,335,3,10,0.142857142857143,15.3895874051617,0.219851248645167
21201,Robertson,2020-08-06,3,0,0,0,0,0
21203,Rockcastle,2020-08-06,62,0,0.857142857142857,0,5.13412912334745,0
21205,Rowan,2020-08-06,69,0,0.285714285714286,0,1.16808784020558,0
21207,Russell,2020-08-06,127,5,3.71428571428571,0,20.7235714684245,0
21209,Scott,2020-08-06,356,0,8.28571428571429,0,14.535320829616,0
21211,Shelby,2020-08-06,732,22,6.28571428571429,0,12.8217083177919,0
21213,Simpson,2020-08-06,146,7,1.42857142857143,0.142857142857143,7.69207101319959,0.769207101319959
21215,Spencer,2020-08-06,112,0,3.57142857142857,0,18.4560414005921,0
21217,Taylor,2020-08-06,125,2,3,0.142857142857143,11.6418953005549,0.554375966693092
21219,Todd,2020-08-06,34,0,0.428571428571429,0,3.48602105556718,0
21221,Trigg,2020-08-06,54,0,0.857142857142857,0,5.85040514055598,0
21223,Trimble,2020-08-06,33,0,0.142857142857143,0,1.68642595746834,0
21225,Union,2020-08-06,62,0,1.42857142857143,0,9.93374194125185,0
21227,Warren,2020-08-06,2556,22,32.7142857142857,0,24.6164562622545,0
21229,Washington,2020-08-06,72,0,2.57142857142857,0,21.2602610287604,0
21231,Wayne,2020-08-06,64,0,1.42857142857143,0,7.02587630242182,0
21233,Webster,2020-08-06,89,1,1.57142857142857,0,12.1420844647548,0
21235,Whitley,2020-08-06,162,1,7.14285714285714,0,19.6968264473228,0
21237,Wolfe,2020-08-06,12,0,0.428571428571429,0,5.98814347591768,0
21239,Woodford,2020-08-06,148,0,3,0,11.2216652951298,0
22001,Acadia,2020-08-06,2555,79,36.5714285714286,1.14285714285714,58.9433936198381,1.84198105061994
22003,Allen,2020-08-06,1232,28,29,1.28571428571429,113.161899559059,5.01703002971197
22005,Ascension,2020-08-06,2768,71,46.2857142857143,0.571428571428571,36.5594406856926,0.451351119576452
22007,Assumption,2020-08-06,569,20,5.42857142857143,0.142857142857143,24.798188427077,0.652583905975711
22009,Avoyelles,2020-08-06,1002,29,15.2857142857143,0.428571428571429,38.0772077663269,1.06758526447646
22011,Beauregard,2020-08-06,814,17,16.7142857142857,0.571428571428571,44.5749945709943,1.52393143832459
22013,Bienville,2020-08-06,362,30,2,0.142857142857143,15.1045993505022,1.0788999536073
22015,Bossier,2020-08-06,2295,75,39.7142857142857,1.28571428571429,31.2614911281463,1.012062662422
22017,Caddo,2020-08-06,6566,289,79.8571428571429,1.85714285714286,33.2455508056247,0.773152344316854
22019,Calcasieu,2020-08-06,6695,130,111.714285714286,1.85714285714286,54.9137250606017,0.912888012516397
22021,Caldwell,2020-08-06,207,2,3,0.142857142857143,30.2480338777979,1.44038256560943
22023,Cameron,2020-08-06,167,0,1.28571428571429,0,18.4384667390547,0
22025,Catahoula,2020-08-06,276,5,3.85714285714286,0.285714285714286,40.6271630202534,3.00941948298173
22027,Claiborne,2020-08-06,241,11,3.85714285714286,0,24.6148235937642,0
22029,Concordia,2020-08-06,300,9,7.14285714285714,0.285714285714286,37.088411354988,1.48353645419952
22031,De Soto,2020-08-06,705,26,11.7142857142857,0.285714285714286,42.6547926821021,1.04036079712444
22033,East Baton Rouge,2020-08-06,11736,338,165.714285714286,1.85714285714286,37.6572881623341,0.422021332853744
22035,East Carroll,2020-08-06,514,1,3.14285714285714,0,45.8075665771337,0
22037,East Feliciana,2020-08-06,550,35,9.14285714285714,0,47.7808055545186,0
22039,Evangeline,2020-08-06,835,3,21.2857142857143,0.142857142857143,63.7392252903557,0.427780035505743
22041,Franklin,2020-08-06,875,17,16.5714285714286,0.142857142857143,82.7950465722137,0.713750401484601
22043,Grant,2020-08-06,292,16,3.71428571428571,1.14285714285714,16.5897794197406,5.10454751376633
22045,Iberia,2020-08-06,2436,70,44.2857142857143,1.28571428571429,63.419324481905,1.84120619463595
22047,Iberville,2020-08-06,1191,47,15.4285714285714,0,47.4564652842774,0
22049,Jackson,2020-08-06,368,18,3,0,19.0548780487805,0
22051,Jefferson,2020-08-06,15002,521,139.428571428571,1.14285714285714,32.2383417601144,0.264248702951757
22053,Jefferson Davis,2020-08-06,996,26,8.85714285714286,0.285714285714286,28.236237111524,0.910846358436259
22055,Lafayette,2020-08-06,7424,91,189.714285714286,1.14285714285714,77.6276794117131,0.467636622962127
22057,Lafourche,2020-08-06,2719,96,35.8571428571429,0,36.7336067133227,0
22059,LaSalle,2020-08-06,268,2,7.85714285714286,0,52.7608303595411,0
22061,Lincoln,2020-08-06,754,28,11.7142857142857,0.714285714285714,25.0615842588801,1.52814538163903
22063,Livingston,2020-08-06,2800,50,39.8571428571429,0.285714285714286,28.309841576503,0.20293793244805
22065,Madison,2020-08-06,601,6,9.28571428571429,0,84.7933000247858,0
22067,Morehouse,2020-08-06,479,11,8.14285714285714,0,32.7364201288781,0
22069,Natchitoches,2020-08-06,747,17,13.2857142857143,0.142857142857143,34.8176379414914,0.37438320367195
22071,Orleans,2020-08-06,10573,561,52.7142857142857,0.142857142857143,13.5114946569179,0.0366165166854143
22073,Ouachita,2020-08-06,4709,109,57.8571428571429,0.714285714285714,37.7462945720828,0.466003636692381
22075,Plaquemines,2020-08-06,432,19,1.85714285714286,0.142857142857143,8.00596136199878,0.615843181692214
22077,Pointe Coupee,2020-08-06,769,32,12.2857142857143,0,56.5380316875945,0
22079,Rapides,2020-08-06,3194,112,41.8571428571429,1.57142857142857,32.285220641385,1.21207312988135
22081,Red River,2020-08-06,211,11,5.71428571428571,0.142857142857143,67.6887670491082,1.69221917622771
22083,Richland,2020-08-06,577,7,11,0.142857142857143,54.6665341417354,0.709954988853707
22085,Sabine,2020-08-06,611,10,15,0.428571428571429,62.8035504940546,1.79438715697299
22087,St. Bernard,2020-08-06,1081,24,11.8571428571429,0.142857142857143,25.0976692429575,0.302381557144067
22089,St. Charles,2020-08-06,1424,51,14.8571428571429,0.142857142857143,27.9795534032822,0.269034167339252
22091,St. Helena,2020-08-06,253,1,2.71428571428571,0,26.7892391856071,0
22093,St. James,2020-08-06,681,32,10,0.285714285714286,47.4023511566174,1.35435289018907
22095,St. John the Baptist,2020-08-06,1399,91,10.5714285714286,0.428571428571429,24.6782654514288,1.00047022100387
22097,St. Landry,2020-08-06,2583,83,75.5714285714286,1.85714285714286,92.0211248495307,2.26138870140624
22099,St. Martin,2020-08-06,1609,43,21.1428571428571,0,39.5703938591027,0
22101,St. Mary,2020-08-06,1527,51,24.4285714285714,0.571428571428571,49.5026575110874,1.15795690084415
22103,St. Tammany,2020-08-06,4993,208,60.7142857142857,1,23.3140768201574,0.383996559390828
22105,Tangipahoa,2020-08-06,3332,69,47.2857142857143,1.14285714285714,35.0893559460027,0.848081110477406
22107,Tensas,2020-08-06,68,0,2,0,46.1467466543609,0
22109,Terrebonne,2020-08-06,2941,84,41.1428571428571,1.57142857142857,37.2465007041917,1.42260940189621
22111,Union,2020-08-06,669,33,13.7142857142857,0.142857142857143,62.0331360334979,0.646178500348936
22113,Vermilion,2020-08-06,1513,22,44.1428571428571,0.857142857142857,74.175962667166,1.44030995470225
22115,Vernon,2020-08-06,739,25,12.1428571428571,0.571428571428571,25.6021782935696,1.20480839028563
22117,Washington,2020-08-06,1235,58,12,0,25.9773996622938,0
22119,Webster,2020-08-06,861,14,8.71428571428571,0.142857142857143,22.7289663909382,0.372606006408823
22121,West Baton Rouge,2020-08-06,689,36,11.4285714285714,0.142857142857143,43.1837197376589,0.539796496720736
22123,West Carroll,2020-08-06,277,5,5,0,46.1680517082179,0
22125,West Feliciana,2020-08-06,333,16,1.71428571428571,0.142857142857143,11.011598884158,0.917633240346498
22127,Winn,2020-08-06,410,7,5.57142857142857,0,40.070688804866,0
23001,Androscoggin,2020-08-06,548,7,0.142857142857143,0.142857142857143,0.131936738972398,0.131936738972398
23003,Aroostook,2020-08-06,33,1,0.142857142857143,0,0.213044728740799,0
23005,Cumberland,2020-08-06,2070,69,5.42857142857143,0.142857142857143,1.84017499095651,0.0484256576567502
23007,Franklin,2020-08-06,45,1,0,0,0,0
23009,Hancock,2020-08-06,35,1,1.14285714285714,0,2.07841333925681,0
23011,Kennebec,2020-08-06,169,11,1,0,0.817648116956387,0
23013,Knox,2020-08-06,27,1,0.285714285714286,0,0.718380483039037,0
23015,Lincoln,2020-08-06,34,1,0.142857142857143,0,0.412476591953407,0
23017,Oxford,2020-08-06,54,0,0.428571428571429,0,0.739234891886897,0
23019,Penobscot,2020-08-06,152,5,1.57142857142857,0,1.0328289372378,0
23021,Piscataquis,2020-08-06,3,0,0,0,0,0
23023,Sagadahoc,2020-08-06,54,0,1.28571428571429,0,3.58577165806081,0
23025,Somerset,2020-08-06,33,1,0,0,0,0
23027,Waldo,2020-08-06,62,14,0,0,0,0
23029,Washington,2020-08-06,12,0,0.714285714285714,0,2.27631764646966,0
23031,York,2020-08-06,666,12,3.57142857142857,0,1.72000162368153,0
24001,Allegany,2020-08-06,279,18,2.14285714285714,0,3.04313954620703,0
24003,Anne Arundel,2020-08-06,7209,220,73.8571428571429,0.571428571428571,12.7508300371081,0.098652456766794
24005,Baltimore,2020-08-06,12799,557,166,1.71428571428571,20.063574942287,0.207196987355804
24009,Calvert,2020-08-06,668,28,14.5714285714286,0.142857142857143,15.7486393638785,0.154398425136064
24011,Caroline,2020-08-06,444,3,3.71428571428571,0,11.1186185544085,0
24013,Carroll,2020-08-06,1518,117,11.5714285714286,0.142857142857143,6.86947738542602,0.0848083627830373
24015,Cecil,2020-08-06,682,30,8.85714285714286,0,8.6112905129968,0
24017,Charles,2020-08-06,1963,91,20.2857142857143,0.142857142857143,12.4256321540358,0.0875044517889848
24019,Dorchester,2020-08-06,360,5,4.85714285714286,0,15.2123237719404,0
24021,Frederick,2020-08-06,3039,121,9.71428571428571,0,3.74278481904461,0
24023,Garrett,2020-08-06,45,0,0,0,0,0
24025,Harford,2020-08-06,1909,69,27.1428571428571,0.285714285714286,10.6258811791596,0.111851380833259
24027,Howard,2020-08-06,3735,106,36.7142857142857,0.142857142857143,11.2727703381392,0.0438629196036547
24029,Kent,2020-08-06,237,23,1,0,5.14880032952322,0
24031,Montgomery,2020-08-06,18071,797,90.7142857142857,1.14285714285714,8.63379858857108,0.108772265682785
24033,Prince George's,2020-08-06,23708,748,152.857142857143,2,16.8099201780155,0.219942880833847
24035,Queen Anne's,2020-08-06,407,25,4,0,7.939501002362,0
24037,St. Mary's,2020-08-06,951,52,11,0,9.69077614307109,0
24039,Somerset,2020-08-06,130,3,1.85714285714286,0,7.24993307754082,0
24041,Talbot,2020-08-06,371,4,5.85714285714286,0,15.7530535949621,0
24043,Washington,2020-08-06,996,31,8.57142857142857,0.142857142857143,5.674601335612,0.0945766889268667
24045,Wicomico,2020-08-06,1322,45,7.57142857142857,0.142857142857143,7.30769389862712,0.137881016955229
24047,Worcester,2020-08-06,665,20,20.8571428571429,0.285714285714286,39.8981231485631,0.546549632172098
24510,Baltimore city,2020-08-06,12090,422,153.142857142857,2.28571428571429,25.8037805426978,0.385131052876087
25001,Barnstable,2020-08-06,1783,157,5.85714285714286,0.142857142857143,2.7499614334677,0.0670722300845781
25003,Berkshire,2020-08-06,666,46,2.57142857142857,0,2.05806487020471,0
25005,Bristol,2020-08-06,9272,629,34.7142857142857,0.857142857142857,6.14176249374766,0.151648456635745
25007,Dukes,2020-08-06,66,0,0.142857142857143,0,0.8242392271933,0
25009,Essex,2020-08-06,17617,1190,64,1.85714285714286,8.11118405543994,0.235369180180177
25011,Franklin,2020-08-06,409,61,1.57142857142857,0.142857142857143,2.23914017017465,0.203558197288605
25013,Hampden,2020-08-06,7541,700,22.8571428571429,1.14285714285714,4.9010538491039,0.245052692455195
25015,Hampshire,2020-08-06,1158,128,7.28571428571429,0.142857142857143,4.53007168172249,0.0888249349357352
25017,Middlesex,2020-08-06,26156,1998,77,3.42857142857143,4.77756702709377,0.212730257236086
25019,Nantucket,2020-08-06,34,1,0.142857142857143,0,1.25324276565614,0
25021,Norfolk,2020-08-06,10515,994,50.7142857142857,1.71428571428571,7.17544985522772,0.2425504176415
25023,Plymouth,2020-08-06,9193,717,19.2857142857143,1.28571428571429,3.700237966415,0.246682531094333
25025,Suffolk,2020-08-06,21631,1066,74,1.57142857142857,9.20504486215445,0.195473925644207
25027,Worcester,2020-08-06,13525,998,40.2857142857143,1.42857142857143,4.85006588866106,0.17198815208018
26001,Alcona,2020-08-06,28,1,0,0,0,0
26003,Alger,2020-08-06,8,0,0.285714285714286,0,3.13695965869879,0
26005,Allegan,2020-08-06,507,7,3.14285714285714,0,2.66161121844932,0
26007,Alpena,2020-08-06,127,13,0.285714285714286,0,1.00585912942892,0
26009,Antrim,2020-08-06,40,0,0.714285714285714,0,3.06244946958375,0
26011,Arenac,2020-08-06,41,3,0.142857142857143,0,0.959867922173909,0
26013,Baraga,2020-08-06,5,0,0,0,0,0
26015,Barry,2020-08-06,173,2,0.571428571428571,0,0.928397354067541,0
26017,Bay,2020-08-06,595,31,8.42857142857143,0,8.17308091904217,0
26019,Benzie,2020-08-06,28,1,0,0,0,0
26021,Berrien,2020-08-06,1398,66,10.2857142857143,0.285714285714286,6.70511553752211,0.186253209375614
26023,Branch,2020-08-06,1166,25,5.57142857142857,0,12.8028783496762,0
26025,Calhoun,2020-08-06,776,41,8.42857142857143,0,6.2825240413028,0
26027,Cass,2020-08-06,313,14,5.85714285714286,0.714285714285714,11.3100640259966,1.37927610073129
26029,Charlevoix,2020-08-06,48,2,0.428571428571429,0,1.63933530417867,0
26031,Cheboygan,2020-08-06,43,2,0.857142857142857,0,3.39113331675446,0
26033,Chippewa,2020-08-06,40,0,1.71428571428571,0,4.58991061149084,0
26035,Clare,2020-08-06,66,3,1.42857142857143,0,4.61573967228248,0
26037,Clinton,2020-08-06,421,13,3.42857142857143,0,4.30752111134045,0
26039,Crawford,2020-08-06,103,5,1.42857142857143,0,10.1829882997464,0
26041,Delta,2020-08-06,87,3,3.14285714285714,0,8.78285586535084,0
26043,Dickinson,2020-08-06,51,2,1,0,3.96212211260351,0
26045,Eaton,2020-08-06,455,8,1.85714285714286,0.142857142857143,1.68420834434546,0.129554488026574
26047,Emmet,2020-08-06,61,2,0.571428571428571,0,1.71009597913683,0
26049,Genesee,2020-08-06,3604,295,27,0.142857142857143,6.65331076136053,0.035202702441061
26051,Gladwin,2020-08-06,57,2,1.14285714285714,0,4.49077426561807,0
26053,Gogebic,2020-08-06,109,1,4.42857142857143,0,31.6892409915666,0
26055,Grand Traverse,2020-08-06,208,5,2.57142857142857,0,2.76236310956146,0
26057,Gratiot,2020-08-06,157,15,1.28571428571429,0,3.15814960505585,0
26059,Hillsdale,2020-08-06,258,25,2,0,4.38548404780178,0
26061,Houghton,2020-08-06,49,0,0.285714285714286,0,0.800678975771454,0
26063,Huron,2020-08-06,154,4,1.57142857142857,0.142857142857143,5.07223321206085,0.46111211018735
26065,Ingham,2020-08-06,1520,30,11.7142857142857,0,4.00617145827572,0
26067,Ionia,2020-08-06,278,6,1.42857142857143,0.142857142857143,2.20809531905873,0.220809531905873
26069,Iosco,2020-08-06,130,12,0.285714285714286,0,1.13708077253268,0
26071,Iron,2020-08-06,18,1,0.285714285714286,0,2.58191113061888,0
26073,Isabella,2020-08-06,205,9,0.714285714285714,0.142857142857143,1.02227747064019,0.204455494128038
26075,Jackson,2020-08-06,2428,56,5.85714285714286,0.142857142857143,3.69512513856719,0.0901250033796876
26077,Kalamazoo,2020-08-06,1601,83,16,0.714285714285714,6.03623248549418,0.26947466453099
26079,Kalkaska,2020-08-06,51,4,0.285714285714286,0,1.58395767665088,0
26081,Kent,2020-08-06,7386,157,55.5714285714286,0.428571428571429,8.45893989259973,0.0652360403028257
26083,Keweenaw,2020-08-06,3,0,0,0,0,0
26085,Lake,2020-08-06,19,0,0.428571428571429,0,3.61572115558448,0
26087,Lapeer,2020-08-06,763,40,8.14285714285714,0.142857142857143,9.29475628985942,0.163065899822095
26089,Leelanau,2020-08-06,69,0,1,0,4.59537705068701,0
26091,Lenawee,2020-08-06,1143,16,3.71428571428571,0,3.7727252280685,0
26093,Livingston,2020-08-06,857,29,8.57142857142857,0,4.46440197475381,0
26095,Luce,2020-08-06,4,0,0,0,0,0
26097,Mackinac,2020-08-06,24,0,0.571428571428571,0,5.29149524426865,0
26099,Macomb,2020-08-06,10283,947,104,0.857142857142857,11.8996947270622,0.0980744070911719
26101,Manistee,2020-08-06,46,0,0.428571428571429,0,1.74513978569683,0
26103,Marquette,2020-08-06,149,11,3.85714285714286,0,5.78290957457062,0
26105,Mason,2020-08-06,100,0,0.714285714285714,0,2.45088427904788,0
26107,Mecosta,2020-08-06,65,2,1.42857142857143,0,3.28762439548806,0
26109,Menominee,2020-08-06,117,0,4.42857142857143,0,19.4406120657218,0
26111,Midland,2020-08-06,325,10,5.14285714285714,0.142857142857143,6.18458937762416,0.171794149378449
26113,Missaukee,2020-08-06,41,1,0.142857142857143,0,0.94494736643169,0
26115,Monroe,2020-08-06,945,23,13,0.285714285714286,8.63787375415282,0.18984337921215
26117,Montcalm,2020-08-06,186,1,1.28571428571429,0,2.0124503595578,0
26119,Montmorency,2020-08-06,8,0,0.142857142857143,0,1.53148738054398,0
26121,Muskegon,2020-08-06,1156,58,7,0.142857142857143,4.03304794717859,0.0823071009628285
26123,Newaygo,2020-08-06,251,0,0.571428571428571,0,1.16665694452546,0
26125,Oakland,2020-08-06,15176,1129,97.4285714285714,0.428571428571429,7.74728140852392,0.0340789504773779
26127,Oceana,2020-08-06,472,6,1.42857142857143,0,5.39755706567208,0
26129,Ogemaw,2020-08-06,53,2,0.428571428571429,0,2.04110791337538,0
26131,Ontonagon,2020-08-06,6,0,0.285714285714286,0,4.99500499500499,0
26133,Osceola,2020-08-06,70,0,0.714285714285714,0,3.0446961393253,0
26135,Oscoda,2020-08-06,24,1,0,0,0,0
26137,Otsego,2020-08-06,144,10,0.285714285714286,0,1.15823855081193,0
26139,Ottawa,2020-08-06,1792,55,17.5714285714286,0.142857142857143,6.02111796985525,0.0489521786167093
26141,Presque Isle,2020-08-06,19,1,0.714285714285714,0,5.67253585042657,0
26143,Roscommon,2020-08-06,52,0,0.714285714285714,0,2.97383618920735,0
26145,Saginaw,2020-08-06,1938,130,18.1428571428571,0.142857142857143,9.52186016661006,0.0749752769024414
26147,St. Clair,2020-08-06,797,53,6.85714285714286,0,4.30919942256728,0
26149,St. Joseph,2020-08-06,571,8,2.85714285714286,0.142857142857143,4.6866066156139,0.234330330780695
26151,Sanilac,2020-08-06,102,6,1.71428571428571,0,4.16391963635102,0
26153,Schoolcraft,2020-08-06,13,0,0.714285714285714,0,8.82487909915634,0
26155,Shiawassee,2020-08-06,337,28,3.14285714285714,0,4.61357144954221,0
26157,Tuscola,2020-08-06,330,29,4.71428571428571,0.285714285714286,9.02341987613305,0.546873931886852
26159,Van Buren,2020-08-06,428,11,6.14285714285714,0,8.11720488768998,0
26161,Washtenaw,2020-08-06,2997,122,19.5714285714286,0,5.3240955741221,0
26163,Wayne,2020-08-06,27861,2823,130.285714285714,3.28571428571429,7.44769403631616,0.187825617143938
26165,Wexford,2020-08-06,74,4,1,0,2.97344711724302,0
27001,Aitkin,2020-08-06,29,1,0.571428571428571,0.142857142857143,3.59705760687757,0.899264401719393
27003,Anoka,2020-08-06,3515,114,46.4285714285714,0.285714285714286,13.0080806196809,0.0800497268903443
27005,Becker,2020-08-06,150,1,3,0,8.7151032739738,0
27007,Beltrami,2020-08-06,215,0,5,0,10.5959142154785,0
27009,Benton,2020-08-06,315,3,3,0,7.33693658441146,0
27011,Big Stone,2020-08-06,22,0,0,0,0,0
27013,Blue Earth,2020-08-06,874,5,10.4285714285714,0.142857142857143,15.4147952471752,0.211161578728427
27015,Brown,2020-08-06,86,2,1.14285714285714,0,4.56996618225025,0
27017,Carlton,2020-08-06,132,0,1.71428571428571,0,4.77902961803606,0
27019,Carver,2020-08-06,816,2,13.2857142857143,0,12.64234533178,0
27021,Cass,2020-08-06,71,2,3,0,10.0742133718392,0
27023,Chippewa,2020-08-06,101,1,1.28571428571429,0,10.8958837772397,0
27025,Chisago,2020-08-06,189,1,4.14285714285714,0,7.32225232481511,0
27027,Clay,2020-08-06,768,40,4.85714285714286,0.142857142857143,7.56305137981199,0.222442687641529
27029,Clearwater,2020-08-06,15,0,0.142857142857143,0,1.62006285843891,0
27031,Cook,2020-08-06,2,0,0,0,0,0
27033,Cottonwood,2020-08-06,175,0,1.42857142857143,0,12.7596590619099,0
27035,Crow Wing,2020-08-06,225,14,6,0.142857142857143,9.22296518330643,0.219594409126344
27037,Dakota,2020-08-06,4188,104,68.2857142857143,0.285714285714286,15.9166367813497,0.0665968066165259
27039,Dodge,2020-08-06,125,0,0.571428571428571,0,2.72966739002853,0
27041,Douglas,2020-08-06,136,0,2.28571428571429,0,5.99280114762142,0
27043,Faribault,2020-08-06,83,0,0.714285714285714,0,5.23171254878572,0
27045,Fillmore,2020-08-06,61,0,0.428571428571429,0,2.03432585831598,0
27047,Freeborn,2020-08-06,358,1,0.857142857142857,0,2.83062929606967,0
27049,Goodhue,2020-08-06,187,8,3.42857142857143,0,7.39872988470313,0
27051,Grant,2020-08-06,52,3,1.14285714285714,0.285714285714286,19.1369246962013,4.78423117405033
27053,Hennepin,2020-08-06,18641,828,221.285714285714,2.57142857142857,17.4812922523342,0.203139613003238
27055,Houston,2020-08-06,41,0,0.571428571428571,0,3.07219662058372,0
27057,Hubbard,2020-08-06,30,0,0.714285714285714,0,3.32365043174219,0
27059,Isanti,2020-08-06,116,0,2,0,4.92659375307912,0
27061,Itasca,2020-08-06,135,12,1.71428571428571,0,3.79855021999937,0
27063,Jackson,2020-08-06,72,0,0.428571428571429,0,4.35274658309393,0
27065,Kanabec,2020-08-06,32,1,1.28571428571429,0,7.86995339238713,0
27067,Kandiyohi,2020-08-06,687,1,4.85714285714286,0,11.2436465129814,0
27069,Kittson,2020-08-06,3,0,0,0,0,0
27071,Koochiching,2020-08-06,74,3,1.14285714285714,0,9.34546686447905,0
27073,Lac qui Parle,2020-08-06,6,0,0,0,0,0
27075,Lake,2020-08-06,20,0,0.857142857142857,0,8.05509686253977,0
27077,Lake of the Woods,2020-08-06,1,0,0,0,0,0
27079,Le Sueur,2020-08-06,210,1,2,0,6.92352961539793,0
27081,Lincoln,2020-08-06,54,0,0.142857142857143,0,2.53337724520558,0
27083,Lyon,2020-08-06,421,3,1,0,3.92557117060532,0
27085,McLeod,2020-08-06,148,0,3.85714285714286,0,10.7462258856681,0
27087,Mahnomen,2020-08-06,26,1,0.857142857142857,0,15.5082840083745,0
27089,Marshall,2020-08-06,29,0,0.285714285714286,0,3.0603501040519,0
27091,Martin,2020-08-06,204,5,0.857142857142857,0,4.35473686502493,0
27093,Meeker,2020-08-06,85,2,0.285714285714286,0,1.23036037255312,0
27095,Mille Lacs,2020-08-06,69,3,2.28571428571429,0,8.69853592767167,0
27097,Morrison,2020-08-06,85,1,0.714285714285714,0,2.13947676956124,0
27099,Mower,2020-08-06,1094,2,5,0,12.4806549847736,0
27101,Murray,2020-08-06,122,1,0.428571428571429,0,5.23030789079117,0
27103,Nicollet,2020-08-06,329,13,6,0,17.5059812102468,0
27105,Nobles,2020-08-06,1753,6,2.28571428571429,0,10.567822302068,0
27107,Norman,2020-08-06,37,0,0.571428571428571,0,8.96358543417367,0
27109,Olmsted,2020-08-06,1688,23,17.2857142857143,0.142857142857143,10.9200749784983,0.0902485535413081
27111,Otter Tail,2020-08-06,185,3,3.28571428571429,0,5.59308597302673,0
27113,Pennington,2020-08-06,73,1,0.571428571428571,0,4.04723118796353,0
27115,Pine,2020-08-06,128,0,0.714285714285714,0,2.41484064466586,0
27117,Pipestone,2020-08-06,147,9,1,0,10.9577032653956,0
27119,Polk,2020-08-06,145,3,3,0,9.56510649151894,0
27121,Pope,2020-08-06,46,0,1.57142857142857,0,13.9694957012052,0
27123,Ramsey,2020-08-06,7233,261,89.4285714285714,0.428571428571429,16.2502560194089,0.0778766262910971
27125,Red Lake,2020-08-06,23,0,1.42857142857143,0,35.229874933944,0
27127,Redwood,2020-08-06,32,0,0.285714285714286,0,1.88341651756286,0
27129,Renville,2020-08-06,62,5,1.14285714285714,0,7.85576809772575,0
27131,Rice,2020-08-06,1013,8,6.14285714285714,0,9.17227668705898,0
27133,Rock,2020-08-06,77,0,1,0,10.7353730542136,0
27135,Roseau,2020-08-06,46,0,0.571428571428571,0,3.7680749846922,0
27137,St. Louis,2020-08-06,486,19,17.1428571428571,0.142857142857143,8.61147191583721,0.0717622659653101
27139,Scott,2020-08-06,1479,18,29.5714285714286,1,19.8448649254955,0.671082388784871
27141,Sherburne,2020-08-06,703,7,14.4285714285714,0.142857142857143,14.8384082648465,0.146914933315312
27143,Sibley,2020-08-06,82,2,0.857142857142857,0,5.76618134640334,0
27145,Stearns,2020-08-06,2864,20,14.4285714285714,0,8.95767277887408,0
27147,Steele,2020-08-06,338,1,2.85714285714286,0,7.79596402942197,0
27149,Stevens,2020-08-06,17,0,0.285714285714286,0,2.91396517811612,0
27151,Swift,2020-08-06,52,1,0.142857142857143,0,1.5417347599519,0
27153,Todd,2020-08-06,422,2,1.28571428571429,0,5.21291877114128,0
27155,Traverse,2020-08-06,10,0,0,0,0,0
27157,Wabasha,2020-08-06,87,0,1.85714285714286,0,8.58714966080759,0
27159,Wadena,2020-08-06,24,0,0.142857142857143,0,1.04412471025539,0
27161,Waseca,2020-08-06,138,0,2.14285714285714,0,11.5133093856498,0
27163,Washington,2020-08-06,2009,44,31,0.142857142857143,11.8122237463801,0.0544342108128116
27165,Watonwan,2020-08-06,301,0,0.428571428571429,0,3.93293042646076,0
27167,Wilkin,2020-08-06,32,3,1,0,16.1108425970678,0
27169,Winona,2020-08-06,254,16,2.14285714285714,0,4.24462630310027,0
27171,Wright,2020-08-06,847,5,12.5714285714286,0,9.08491192281128,0
27173,Yellow Medicine,2020-08-06,51,0,0.571428571428571,0,5.88555537571914,0
28001,Adams,2020-08-06,602,25,7.14285714285714,0.285714285714286,23.271941950468,0.93087767801872
28003,Alcorn,2020-08-06,382,5,7.28571428571429,0.285714285714286,19.7161645487898,0.773182923481952
28005,Amite,2020-08-06,220,6,4,0.285714285714286,32.528258924941,2.32344706606722
28007,Attala,2020-08-06,513,24,4.71428571428571,0.142857142857143,25.939725510541,0.786052288198211
28009,Benton,2020-08-06,133,0,2.57142857142857,0,31.1348658606196,0
28011,Bolivar,2020-08-06,1163,33,39.1428571428571,0.571428571428571,127.800891807683,1.8657064497472
28013,Calhoun,2020-08-06,400,9,5.14285714285714,0.142857142857143,35.8112745829479,0.994757627304107
28015,Carroll,2020-08-06,254,11,2.42857142857143,0,24.4151143919918,0
28017,Chickasaw,2020-08-06,441,19,4,0,23.3877097585219,0
28019,Choctaw,2020-08-06,130,4,1.42857142857143,0,17.4003828084218,0
28021,Claiborne,2020-08-06,399,13,1.28571428571429,0.142857142857143,14.3047873354949,1.58942081505499
28023,Clarke,2020-08-06,324,25,5.14285714285714,0,33.092189324092,0
28025,Clay,2020-08-06,382,14,3.14285714285714,0.142857142857143,16.2707452001302,0.739579327278644
28027,Coahoma,2020-08-06,697,11,10.1428571428571,0.571428571428571,45.845494227342,2.58284474520237
28029,Copiah,2020-08-06,941,28,8,0.714285714285714,28.5052556565117,2.54511211218854
28031,Covington,2020-08-06,607,13,5.42857142857143,0.428571428571429,29.1294882408855,2.29969644006991
28033,DeSoto,2020-08-06,3523,28,65.8571428571429,0.285714285714286,35.6090420704225,0.154486082735022
28035,Forrest,2020-08-06,1721,55,25.8571428571429,0.714285714285714,34.5236028908272,0.953690687591912
28037,Franklin,2020-08-06,116,2,2.14285714285714,0,27.782408179141,0
28039,George,2020-08-06,548,4,4.42857142857143,0,18.0758017492711,0
28041,Greene,2020-08-06,231,11,1.71428571428571,0.142857142857143,12.618031166537,1.05150259721141
28043,Grenada,2020-08-06,830,21,5.85714285714286,0.285714285714286,28.2163159126258,1.37640565427443
28045,Hancock,2020-08-06,363,14,7.57142857142857,0,15.8956763760257,0
28047,Harrison,2020-08-06,2378,35,56.5714285714286,0.857142857142857,27.1873455264459,0.411929477673422
28049,Hinds,2020-08-06,5487,116,69.4285714285714,2.71428571428571,29.9467613132209,1.1707581583358
28051,Holmes,2020-08-06,863,48,7.71428571428571,0.428571428571429,45.3514739229025,2.51952632905014
28053,Humphreys,2020-08-06,282,11,3.57142857142857,0,44.2885487528345,0
28055,Issaquena,2020-08-06,25,1,0.714285714285714,0,53.827107331252,0
28057,Itawamba,2020-08-06,337,10,7,0.142857142857143,29.927319367251,0.610761619739816
28059,Jackson,2020-08-06,2201,42,54.4285714285714,1.14285714285714,37.8984183129932,0.79576731365865
28061,Jasper,2020-08-06,381,9,3,0.142857142857143,18.3116645303058,0.871984025252657
28063,Jefferson,2020-08-06,194,6,1.28571428571429,0.142857142857143,18.3936235438381,2.04373594931535
28065,Jefferson Davis,2020-08-06,226,6,5.14285714285714,0.142857142857143,46.2154667762144,1.28376296600596
28067,Jones,2020-08-06,1842,58,24,0.142857142857143,35.2433257951775,0.209781701161771
28069,Kemper,2020-08-06,228,15,0.857142857142857,0,8.7984280141948,0
28071,Lafayette,2020-08-06,937,14,16.5714285714286,1.14285714285714,30.6770369155826,2.11565771831604
28073,Lamar,2020-08-06,1184,14,17.2857142857143,0.285714285714286,27.2890679091838,0.451058973705517
28075,Lauderdale,2020-08-06,1390,90,15.5714285714286,0.285714285714286,21.0069862683691,0.385449289327873
28077,Lawrence,2020-08-06,306,7,1.28571428571429,0.428571428571429,10.2154321127784,3.40514403759279
28079,Leake,2020-08-06,779,25,5.57142857142857,0,24.4511040613911,0
28081,Lee,2020-08-06,1332,32,31,0.571428571428571,36.2844702467344,0.668838161230127
28083,Leflore,2020-08-06,893,62,14.5714285714286,0.428571428571429,51.7029009382556,1.52067355700752
28085,Lincoln,2020-08-06,790,41,10.5714285714286,0.428571428571429,30.9531478096465,1.25485734363432
28087,Lowndes,2020-08-06,1039,35,16.7142857142857,1.28571428571429,28.525105750125,2.19423890385577
28089,Madison,2020-08-06,2387,63,25.1428571428571,1.85714285714286,23.6589667483976,1.74753731664301
28091,Marion,2020-08-06,638,19,9.85714285714286,0.428571428571429,40.1137136578475,1.74407450686293
28093,Marshall,2020-08-06,638,9,16,0.142857142857143,45.3334844449481,0.404763253972751
28095,Monroe,2020-08-06,747,51,14,0.285714285714286,39.714058776807,0.810490995445041
28097,Montgomery,2020-08-06,307,3,5.85714285714286,0,59.9196200219218,0
28099,Neshoba,2020-08-06,1278,91,15.8571428571429,0.857142857142857,54.4582143593065,2.94368726266521
28101,Newton,2020-08-06,535,11,3.71428571428571,0,17.6719274635347,0
28103,Noxubee,2020-08-06,444,11,5.85714285714286,0.142857142857143,56.2267721718619,1.37138468711858
28105,Oktibbeha,2020-08-06,1090,37,9.42857142857143,0.857142857142857,19.014200150385,1.728563650035
28107,Panola,2020-08-06,980,12,16.1428571428571,0.142857142857143,47.2123805067184,0.417808677050605
28109,Pearl River,2020-08-06,520,37,8.28571428571429,0.285714285714286,14.9198060425214,0.514476070431774
28111,Perry,2020-08-06,220,7,2.14285714285714,0,17.8974120342199,0
28113,Pike,2020-08-06,877,34,10.5714285714286,0.571428571428571,26.9075253803415,1.45446083136981
28115,Pontotoc,2020-08-06,791,8,16.8571428571429,0.285714285714286,52.3936807892797,0.888028487953894
28117,Prentiss,2020-08-06,386,9,11.2857142857143,0.428571428571429,44.9164780932671,1.70568904151647
28119,Quitman,2020-08-06,240,1,5.14285714285714,0,75.7193336698637,0
28121,Rankin,2020-08-06,2220,32,24.5714285714286,0.714285714285714,15.8248665696934,0.460025190979458
28123,Scott,2020-08-06,987,20,6.14285714285714,0.428571428571429,21.8420464473657,1.52386370563017
28125,Sharkey,2020-08-06,190,3,7.71428571428571,0.285714285714286,178.530102158892,6.61222600588488
28127,Simpson,2020-08-06,779,30,13.4285714285714,1.85714285714286,50.3735142492739,6.96654984298468
28129,Smith,2020-08-06,394,13,4,0.142857142857143,25.1319426991706,0.897569382113237
28131,Stone,2020-08-06,163,3,3.57142857142857,0,19.4776863625031,0
28133,Sunflower,2020-08-06,967,23,13.4285714285714,0.428571428571429,53.478978210161,1.70677590032429
28135,Tallahatchie,2020-08-06,407,10,1.71428571428571,0.142857142857143,12.4142639893237,1.03452199911031
28137,Tate,2020-08-06,692,27,14,0.857142857142857,49.4332827230677,3.02652751365721
28139,Tippah,2020-08-06,325,13,8,0.142857142857143,36.3388598682716,0.648908211933422
28141,Tishomingo,2020-08-06,350,5,8.14285714285714,0.285714285714286,42.0103035797201,1.4740457396393
28143,Tunica,2020-08-06,317,6,13.2857142857143,0.142857142857143,137.933080208828,1.48315140009492
28145,Union,2020-08-06,562,15,13.5714285714286,0.285714285714286,47.0984854118639,0.991547061302397
28147,Walthall,2020-08-06,489,19,9.85714285714286,0.285714285714286,68.9986200275995,1.99996000079998
28149,Warren,2020-08-06,1007,31,11,1,24.2392190564333,2.20356536876666
28151,Washington,2020-08-06,1582,37,27.5714285714286,1.28571428571429,62.7922033556414,2.92813383523716
28153,Wayne,2020-08-06,749,21,4.57142857142857,0,22.6498963059435,0
28155,Webster,2020-08-06,216,12,5.71428571428571,0,58.9770431859399,0
28157,Wilkinson,2020-08-06,194,13,3,0.142857142857143,34.7624565469293,1.6553550736633
28159,Winston,2020-08-06,604,15,8.57142857142857,0.142857142857143,47.7383936030553,0.795639893384254
28161,Yalobusha,2020-08-06,307,10,0.571428571428571,0,4.71942989286894,0
28163,Yazoo,2020-08-06,807,12,8.57142857142857,0.142857142857143,28.8697493143435,0.481162488572391
29001,Adair,2020-08-06,150,0,2.85714285714286,0,11.273893608266,0
29003,Andrew,2020-08-06,88,1,1.14285714285714,0,6.45244547683572,0
29005,Atchison,2020-08-06,14,0,0.428571428571429,0,8.33310185828171,0
29007,Audrain,2020-08-06,198,1,1.14285714285714,0,4.50156429359202,0
29009,Barry,2020-08-06,245,2,4.57142857142857,0.285714285714286,12.7732783017926,0.798329893862041
29011,Barton,2020-08-06,66,0,0.285714285714286,0,2.4307834415032,0
29013,Bates,2020-08-06,44,1,1.42857142857143,0,8.83361011978375,0
29015,Benton,2020-08-06,87,1,3,0,15.4297176361673,0
29017,Bollinger,2020-08-06,62,1,1,0.142857142857143,8.24198466990851,1.1774263814155
29019,Boone,2020-08-06,1318,4,24.5714285714286,0.142857142857143,13.6157708624087,0.079161458502376
29021,Buchanan,2020-08-06,1105,10,8,0,9.15708987683714,0
29023,Butler,2020-08-06,264,2,5.28571428571429,0,12.4434160876555,0
29025,Caldwell,2020-08-06,36,1,1,0,11.0864745011086,0
29027,Callaway,2020-08-06,137,1,4.42857142857143,0,9.89779726118371,0
29029,Camden,2020-08-06,335,5,8.28571428571429,0.142857142857143,17.8937788267234,0.308513428046956
29031,Cape Girardeau,2020-08-06,627,5,7,0.285714285714286,8.87525199376197,0.362255183418856
29033,Carroll,2020-08-06,99,0,1.42857142857143,0,16.4600925057199,0
29035,Carter,2020-08-06,20,1,0.857142857142857,0,14.3287003868749,0
29037,Cass,2020-08-06,716,14,16.2857142857143,0.285714285714286,15.3958350214731,0.270102368797774
29039,Cedar,2020-08-06,37,0,0.428571428571429,0,2.98676861503539,0
29041,Chariton,2020-08-06,16,0,0.285714285714286,0,3.84748566811589,0
29043,Christian,2020-08-06,324,1,6.57142857142857,0,7.41738085831996,0
29045,Clark,2020-08-06,18,0,1.42857142857143,0,21.0176758654028,0
29047,Clay,2020-08-06,984,24,18.1428571428571,0.285714285714286,7.25865265689549,0.114309490659772
29049,Clinton,2020-08-06,72,0,1.85714285714286,0,9.10944649601637,0
29051,Cole,2020-08-06,362,3,12.7142857142857,0.142857142857143,16.5669238573011,0.186145211879787
29053,Cooper,2020-08-06,111,0,4.85714285714286,0,27.4275388624025,0
29055,Crawford,2020-08-06,69,0,4.14285714285714,0,17.3196368848543,0
29057,Dade,2020-08-06,14,0,0,0,0,0
29059,Dallas,2020-08-06,58,1,1.71428571428571,0,10.1569244832665,0
29061,Daviess,2020-08-06,17,0,0,0,0,0
29063,DeKalb,2020-08-06,36,1,0.714285714285714,0,5.69288048366713,0
29065,Dent,2020-08-06,10,0,0.142857142857143,0,0.917338617203768,0
29067,Douglas,2020-08-06,84,2,3.28571428571429,0,24.9200931794788,0
29069,Dunklin,2020-08-06,288,4,7.71428571428571,0,26.481362515141,0
29071,Franklin,2020-08-06,586,18,13.7142857142857,0,13.1909987921992,0
29073,Gasconade,2020-08-06,20,0,0.142857142857143,0,0.971420800062171,0
29075,Gentry,2020-08-06,83,9,0.142857142857143,0,2.1740548296628,0
29077,Greene,2020-08-06,1400,11,29.7142857142857,0,10.1384186601495,0
29079,Grundy,2020-08-06,25,1,0.142857142857143,0,1.45032632342277,0
29081,Harrison,2020-08-06,59,1,0.142857142857143,0,1.71045429666119,0
29083,Henry,2020-08-06,76,3,1.71428571428571,0,7.85504817762882,0
29085,Hickory,2020-08-06,25,0,1.28571428571429,0,13.4714405460424,0
29087,Holt,2020-08-06,6,0,0,0,0,0
29089,Howard,2020-08-06,47,0,0.714285714285714,0,7.14214292856429,0
29091,Howell,2020-08-06,145,2,3.14285714285714,0.142857142857143,7.83422774100043,0.356101260954565
29093,Iron,2020-08-06,23,0,1.85714285714286,0,18.342151675485,0
29095,Jackson,2020-08-06,3810,62,88.7142857142857,0.857142857142857,12.6191888482948,0.121924529935215
29097,Jasper,2020-08-06,1224,8,6.85714285714286,0.571428571428571,5.65173979389989,0.470978316158324
29099,Jefferson,2020-08-06,1679,28,44.1428571428571,0.428571428571429,19.6119873036183,0.19040764372445
29101,Johnson,2020-08-06,476,2,4.42857142857143,0,8.19165296987057,0
29103,Knox,2020-08-06,26,0,2.42857142857143,0,61.3430519972576,0
29105,Laclede,2020-08-06,191,1,0.571428571428571,0,1.59960969523436,0
29107,Lafayette,2020-08-06,171,2,3.71428571428571,0,11.3558937088349,0
29109,Lawrence,2020-08-06,205,2,4.71428571428571,0,12.2911894519247,0
29111,Lewis,2020-08-06,37,1,1.57142857142857,0,16.0743511807342,0
29113,Lincoln,2020-08-06,352,1,11.4285714285714,0,19.3661929211723,0
29115,Linn,2020-08-06,30,1,0,0,0,0
29117,Livingston,2020-08-06,54,0,1,0,6.56728180206213,0
29119,McDonald,2020-08-06,1000,7,2,0,8.75771773875728,0
29121,Macon,2020-08-06,56,0,1.28571428571429,0,8.50508887817878,0
29123,Madison,2020-08-06,24,0,1.14285714285714,0,9.45447669471495,0
29125,Maries,2020-08-06,20,0,1.28571428571429,0,14.7834228551717,0
29127,Marion,2020-08-06,171,1,6.28571428571429,0,22.0319463221671,0
29129,Mercer,2020-08-06,10,0,0.285714285714286,0,7.89920612978396,0
29131,Miller,2020-08-06,111,1,4.14285714285714,0.142857142857143,16.1710337751557,0.557621854315714
29133,Mississippi,2020-08-06,134,0,0.714285714285714,0,5.41946672447431,0
29135,Moniteau,2020-08-06,138,2,4.57142857142857,0,28.3376430165421,0
29137,Monroe,2020-08-06,26,0,1.85714285714286,0,21.484762345475,0
29139,Montgomery,2020-08-06,41,0,1.14285714285714,0,9.89401041344596,0
29141,Morgan,2020-08-06,76,0,2.14285714285714,0,10.3886030099246,0
29143,New Madrid,2020-08-06,216,1,7.85714285714286,0,46.0127831877656,0
29145,Newton,2020-08-06,844,6,9,0.285714285714286,15.4543581289924,0.490614543777536
29147,Nodaway,2020-08-06,174,0,5.28571428571429,0,23.9259201779571,0
29149,Oregon,2020-08-06,14,0,0.142857142857143,0,1.35679687394,0
29151,Osage,2020-08-06,44,1,1.71428571428571,0.142857142857143,12.5911547138135,1.0492628928178
29153,Ozark,2020-08-06,9,0,0.428571428571429,0,4.67158740540035,0
29155,Pemiscot,2020-08-06,227,9,4.71428571428571,0.142857142857143,29.8278121751706,0.903873096217291
29157,Perry,2020-08-06,218,4,3.42857142857143,0,17.9168657429527,0
29159,Pettis,2020-08-06,473,4,13,0.142857142857143,30.7045513592669,0.337412652299636
29161,Phelps,2020-08-06,84,0,2.14285714285714,0,4.80752281169574,0
29163,Pike,2020-08-06,86,1,2.71428571428571,0,14.830541548933,0
29165,Platte,2020-08-06,354,10,6.42857142857143,0.428571428571429,6.15657398970621,0.410438265980414
29167,Polk,2020-08-06,200,0,2,0,6.2210333136334,0
29169,Pulaski,2020-08-06,195,1,2.71428571428571,0,5.15955236809876,0
29171,Putnam,2020-08-06,13,1,0.857142857142857,0.142857142857143,18.2526162083232,3.0421027013872
29173,Ralls,2020-08-06,25,0,0.142857142857143,0,1.38575170101021,0
29175,Randolph,2020-08-06,64,1,2,0,8.08146112817197,0
29177,Ray,2020-08-06,117,0,5.42857142857143,0,23.5840274071224,0
29179,Reynolds,2020-08-06,16,0,0,0,0,0
29181,Ripley,2020-08-06,48,0,1.28571428571429,0,9.67575470886729,0
29183,St. Charles,2020-08-06,3978,101,74.5714285714286,0.714285714285714,18.5490914853985,0.177673290090024
29185,St. Clair,2020-08-06,18,0,0.428571428571429,0,4.56072606758996,0
29186,Ste. Genevieve,2020-08-06,51,1,0.857142857142857,0,4.79011320634211,0
29187,St. Francois,2020-08-06,349,2,9.71428571428571,0,14.4525562958948,0
29189,St. Louis,2020-08-06,14362,653,259.142857142857,0.714285714285714,26.065334326709,0.0718449126976543
29195,Saline,2020-08-06,421,7,3.14285714285714,0.142857142857143,13.808080237499,0.627640010795408
29197,Schuyler,2020-08-06,10,0,0.142857142857143,0,3.06560392397302,0
29199,Scotland,2020-08-06,14,1,0.285714285714286,0,5.82852480037303,0
29201,Scott,2020-08-06,368,13,5.42857142857143,0,14.1812210777728,0
29203,Shannon,2020-08-06,43,1,0,0,0,0
29205,Shelby,2020-08-06,31,0,2.85714285714286,0,48.1811611659841,0
29207,Stoddard,2020-08-06,220,9,2.14285714285714,0,7.3827980804725,0
29209,Stone,2020-08-06,111,1,4.57142857142857,0,14.3071750482867,0
29211,Sullivan,2020-08-06,140,0,1.14285714285714,0,18.769209112451,0
29213,Taney,2020-08-06,521,3,21,0,37.548276355314,0
29215,Texas,2020-08-06,47,0,2.28571428571429,0,8.99958376925067,0
29217,Vernon,2020-08-06,48,0,0.285714285714286,0,1.3894581807824,0
29219,Warren,2020-08-06,189,0,6.14285714285714,0,17.231499180502,0
29221,Washington,2020-08-06,67,1,1.85714285714286,0,7.50967592860031,0
29223,Wayne,2020-08-06,52,0,4,0,31.0727880059038,0
29225,Webster,2020-08-06,128,1,3,0,7.57728834107901,0
29227,Worth,2020-08-06,9,0,0.142857142857143,0,7.09672840820382,0
29229,Wright,2020-08-06,60,0,0.857142857142857,0,4.68665786616467,0
29510,St. Louis city,2020-08-06,5002,171,84.4285714285714,0.285714285714286,28.0889264041612,0.0950555885081596
30001,Beaverhead,2020-08-06,58,0,3.57142857142857,0,37.780900998927,0
30003,Big Horn,2020-08-06,394,11,13.2857142857143,0.714285714285714,99.7500884879817,5.36290798322482
30005,Blaine,2020-08-06,10,0,0.428571428571429,0,6.41477965231894,0
30007,Broadwater,2020-08-06,11,0,0.142857142857143,0,2.29047848095467,0
30009,Carbon,2020-08-06,60,0,1.42857142857143,0,13.3200133200133,0
30013,Cascade,2020-08-06,161,2,3.71428571428571,0,4.56491128270496,0
30015,Chouteau,2020-08-06,7,0,0.571428571428571,0,10.1407022436304,0
30017,Custer,2020-08-06,58,2,0.857142857142857,0,7.51747813666775,0
30019,Daniels,2020-08-06,3,0,0.142857142857143,0,8.4530853761623,0
30021,Dawson,2020-08-06,16,0,0.285714285714286,0,3.31724469655504,0
30023,Deer Lodge,2020-08-06,23,0,0.428571428571429,0,4.68896530165677,0
30025,Fallon,2020-08-06,2,0,0,0,0,0
30027,Fergus,2020-08-06,9,0,0.428571428571429,0,3.87847446670976,0
30029,Flathead,2020-08-06,301,2,11.5714285714286,0,11.1471673809111,0
30031,Gallatin,2020-08-06,921,3,11.4285714285714,0.142857142857143,9.98704181324731,0.124838022665591
30033,Garfield,2020-08-06,12,0,0,0,0,0
30035,Glacier,2020-08-06,63,1,1.57142857142857,0,11.426078465997,0
30037,Golden Valley,2020-08-06,3,0,0,0,0,0
30039,Granite,2020-08-06,13,0,1,0,29.5945546019532,0
30041,Hill,2020-08-06,41,0,0,0,0,0
30043,Jefferson,2020-08-06,27,0,0.857142857142857,0,7.01368838182519,0
30045,Judith Basin,2020-08-06,3,0,0,0,0,0
30047,Lake,2020-08-06,176,1,2.28571428571429,0,7.50447923604401,0
30049,Lewis and Clark,2020-08-06,151,1,4.57142857142857,0,6.58403700228795,0
30051,Liberty,2020-08-06,1,0,0,0,0,0
30053,Lincoln,2020-08-06,73,2,1.85714285714286,0,9.2950092950093,0
30055,McCone,2020-08-06,3,0,0.285714285714286,0,17.1703296703297,0
30057,Madison,2020-08-06,79,1,1.42857142857143,0,16.6112956810631,0
30059,Meagher,2020-08-06,4,0,0,0,0,0
30063,Missoula,2020-08-06,304,1,9,0,7.52508361204013,0
30065,Musselshell,2020-08-06,3,0,0.142857142857143,0,3.0834695199038,0
30067,Park,2020-08-06,55,0,1.14285714285714,0,6.88219404346106,0
30071,Phillips,2020-08-06,5,0,0,0,0,0
30073,Pondera,2020-08-06,10,0,0.142857142857143,0,2.41680160475627,0
30075,Powder River,2020-08-06,1,0,0,0,0,0
30077,Powell,2020-08-06,2,0,0,0,0,0
30079,Prairie,2020-08-06,1,0,0,0,0,0
30081,Ravalli,2020-08-06,74,1,1.42857142857143,0,3.26113187365071,0
30083,Richland,2020-08-06,47,2,0.285714285714286,0.285714285714286,2.64476798772828,2.64476798772828
30085,Roosevelt,2020-08-06,21,0,0.571428571428571,0,5.19291686140105,0
30087,Rosebud,2020-08-06,32,1,1.71428571428571,0,19.1818922936748,0
30089,Sanders,2020-08-06,9,0,0,0,0,0
30091,Sheridan,2020-08-06,4,0,0.142857142857143,0,4.31723006519017,0
30093,Silver Bow,2020-08-06,75,0,3.42857142857143,0,9.81976637139175,0
30095,Stillwater,2020-08-06,22,0,0.571428571428571,0,5.92645272172341,0
30097,Sweet Grass,2020-08-06,5,1,0.142857142857143,0,3.82277610000382,0
30099,Teton,2020-08-06,15,0,0,0,0,0
30101,Toole,2020-08-06,40,6,1.28571428571429,0,27.1476833976834,0
30103,Treasure,2020-08-06,2,0,0,0,0,0
30105,Valley,2020-08-06,14,0,0.428571428571429,0,5.79463802827783,0
30107,Wheatland,2020-08-06,3,0,0,0,0,0
30109,Wibaux,2020-08-06,3,0,0.285714285714286,0,29.4854784018871,0
30111,Yellowstone,2020-08-06,1191,28,29.7142857142857,0.428571428571429,18.4217518377469,0.265698343813657
31001,Adams,2020-08-06,350,11,2,0,6.37694098141122,0
31003,Antelope,2020-08-06,19,1,0.142857142857143,0,2.2682937894116,0
31005,Arthur,2020-08-06,1,0,0,0,0,0
31007,Banner,2020-08-06,2,0,0,0,0,0
31011,Boone,2020-08-06,7,0,0,0,0,0
31013,Box Butte,2020-08-06,11,0,0.142857142857143,0,1.32483671387501,0
31015,Boyd,2020-08-06,4,0,0.428571428571429,0,22.3330603737065,0
31019,Buffalo,2020-08-06,385,1,9.42857142857143,0,18.9866316852362,0
31021,Burt,2020-08-06,29,0,1.57142857142857,0,24.3292858248734,0
31023,Butler,2020-08-06,58,0,0.571428571428571,0,7.1285999429712,0
31025,Cass,2020-08-06,169,2,2.42857142857143,0.142857142857143,9.25240562546262,0.544259154438978
31027,Cedar,2020-08-06,22,0,0.142857142857143,0,1.70027544462203,0
31029,Chase,2020-08-06,6,0,0.285714285714286,0,7.2811999417504,0
31031,Cherry,2020-08-06,4,0,0,0,0,0
31033,Cheyenne,2020-08-06,26,0,0.142857142857143,0,1.60333493666827,0
31035,Clay,2020-08-06,49,0,0.428571428571429,0,6.90909928375671,0
31037,Colfax,2020-08-06,698,4,0.857142857142857,0,8.00394861464989,0
31039,Cuming,2020-08-06,67,0,2.14285714285714,0,24.224023771842,0
31041,Custer,2020-08-06,42,4,0,0,0,0
31043,Dakota,2020-08-06,1915,42,2.71428571428571,0,13.5538086202223,0
31045,Dawes,2020-08-06,9,0,0.571428571428571,0,6.65302795935,0
31047,Dawson,2020-08-06,954,9,2.14285714285714,0,9.08182726364545,0
31049,Deuel,2020-08-06,2,0,0.142857142857143,0,7.96305144131231,0
31051,Dixon,2020-08-06,57,2,0.142857142857143,0,2.53472574267464,0
31053,Dodge,2020-08-06,788,8,5.42857142857143,0,14.8463597116681,0
31055,Douglas,2020-08-06,11036,135,132.714285714286,1,23.2291289776758,0.175031111780119
31057,Dundy,2020-08-06,1,0,0,0,0,0
31059,Fillmore,2020-08-06,24,1,0.285714285714286,0,5.23094627818172,0
31061,Franklin,2020-08-06,12,0,0.428571428571429,0,14.3864192202561,0
31063,Frontier,2020-08-06,3,0,0,0,0,0
31065,Furnas,2020-08-06,15,1,0,0,0,0
31067,Gage,2020-08-06,87,4,1.28571428571429,0,5.97645277606231,0
31069,Garden,2020-08-06,4,0,0,0,0,0
31071,Garfield,2020-08-06,3,0,0,0,0,0
31073,Gosper,2020-08-06,19,0,0.571428571428571,0,28.7150035893754,0
31077,Greeley,2020-08-06,9,0,0.142857142857143,0,6.06354596167839,0
31079,Hall,2020-08-06,1748,45,5.28571428571429,0,8.6152499237434,0
31081,Hamilton,2020-08-06,99,13,1,0,10.7250107250107,0
31083,Harlan,2020-08-06,1,0,0,0,0,0
31087,Hitchcock,2020-08-06,1,0,0,0,0,0
31089,Holt,2020-08-06,12,0,0.714285714285714,0,7.09531850884786,0
31091,Hooker,2020-08-06,4,0,0,0,0,0
31093,Howard,2020-08-06,55,4,0,0,0,0
31095,Jefferson,2020-08-06,15,0,0.142857142857143,0,2.02749280240055,0
31097,Johnson,2020-08-06,13,0,0.142857142857143,0,2.81713947657548,0
31099,Kearney,2020-08-06,49,0,3.42857142857143,0,52.7878587924777,0
31101,Keith,2020-08-06,20,0,0.285714285714286,0,3.55631423592589,0
31105,Kimball,2020-08-06,15,0,0,0,0,0
31107,Knox,2020-08-06,33,0,0.714285714285714,0,8.57280021946369,0
31109,Lancaster,2020-08-06,3244,17,36,0.285714285714286,11.2820834247391,0.0895403446407865
31111,Lincoln,2020-08-06,97,2,1.28571428571429,0,3.68251786021162,0
31117,McPherson,2020-08-06,5,0,0.142857142857143,0,28.9184499710815,0
31119,Madison,2020-08-06,458,6,5.14285714285714,0,14.6524321002226,0
31121,Merrick,2020-08-06,59,0,1.85714285714286,0,23.9476835221516,0
31123,Morrill,2020-08-06,58,0,0,0,0,0
31125,Nance,2020-08-06,8,0,0,0,0,0
31127,Nemaha,2020-08-06,25,0,1.28571428571429,0,18.4411113843128,0
31129,Nuckolls,2020-08-06,5,0,0,0,0,0
31131,Otoe,2020-08-06,44,0,0.571428571428571,0,3.568752007423,0
31133,Pawnee,2020-08-06,9,0,0.428571428571429,0,16.4015089388224,0
31135,Perkins,2020-08-06,17,6,0.714285714285714,0.714285714285714,24.7072194495232,24.7072194495232
31137,Phelps,2020-08-06,37,0,0.571428571428571,0,6.32531073088965,0
31139,Pierce,2020-08-06,19,0,0.142857142857143,0,1.99856103605404,0
31141,Platte,2020-08-06,783,3,4.14285714285714,0,12.3778223569081,0
31143,Polk,2020-08-06,26,0,0.571428571428571,0,10.961606971582,0
31145,Red Willow,2020-08-06,16,0,0.285714285714286,0,2.66425107902169,0
31147,Richardson,2020-08-06,21,1,0.428571428571429,0,5.44909635818727,0
31149,Rock,2020-08-06,3,0,0.142857142857143,0,10.527423939362,0
31151,Saline,2020-08-06,594,2,2.28571428571429,0,16.0694198939418,0
31153,Sarpy,2020-08-06,2179,9,37.2857142857143,0,19.9180080160443,0
31155,Saunders,2020-08-06,150,2,3.85714285714286,0,17.87534923136,0
31157,Scotts Bluff,2020-08-06,297,6,2.71428571428571,0,7.62054498929113,0
31159,Seward,2020-08-06,110,1,4.71428571428571,0,27.2754322742751,0
31161,Sheridan,2020-08-06,9,0,0,0,0,0
31163,Sherman,2020-08-06,11,0,0.571428571428571,0,19.0412719569667,0
31165,Sioux,2020-08-06,5,0,0,0,0,0
31167,Stanton,2020-08-06,28,0,0.285714285714286,0,4.82625482625483,0
31169,Thayer,2020-08-06,26,0,0.142857142857143,0,2.85542959938323,0
31171,Thomas,2020-08-06,1,0,0,0,0,0
31173,Thurston,2020-08-06,205,4,1,0,13.8427464008859,0
31175,Valley,2020-08-06,10,0,0.142857142857143,0,3.43571772143201,0
31177,Washington,2020-08-06,116,1,2.42857142857143,0,11.715815661978,0
31179,Wayne,2020-08-06,37,0,0.285714285714286,0,3.04437171778674,0
31181,Webster,2020-08-06,9,0,0,0,0,0
31185,York,2020-08-06,77,0,1.42857142857143,0,10.443537017117,0
32001,Churchill,2020-08-06,55,1,0.857142857142857,0,3.44109702173053,0
32003,Clark,2020-08-06,46185,752,856,12.5714285714286,37.7639006227073,0.554610022496369
32005,Douglas,2020-08-06,191,0,4.71428571428571,0,9.63968042998817,0
32007,Elko,2020-08-06,524,2,8.85714285714286,0,16.7818842266529,0
32011,Eureka,2020-08-06,2,0,0,0,0,0
32013,Humboldt,2020-08-06,99,4,0.571428571428571,0,3.39509578413981,0
32015,Lander,2020-08-06,50,1,0.142857142857143,0,2.58237785352753,0
32017,Lincoln,2020-08-06,4,0,0.142857142857143,0,2.75626360905157,0
32019,Lyon,2020-08-06,217,5,4.14285714285714,0.285714285714286,7.20371612390392,0.496808008545098
32021,Mineral,2020-08-06,11,0,0,0,0,0
32023,Nye,2020-08-06,381,9,4.57142857142857,0,9.82616893026798,0
32027,Pershing,2020-08-06,13,0,0,0,0,0
32029,Storey,2020-08-06,4,0,0,0,0,0
32031,Washoe,2020-08-06,5627,118,69,0.714285714285714,14.6335566541327,0.151486093728082
32033,White Pine,2020-08-06,14,1,0.428571428571429,0,4.47360572621533,0
32510,Carson City,2020-08-06,328,8,3.57142857142857,0.142857142857143,6.38713171798514,0.255485268719406
33001,Belknap,2020-08-06,113,4,1.28571428571429,0,2.09731054877296,0
33003,Carroll,2020-08-06,93,1,1,0,2.04457166223676,0
33005,Cheshire,2020-08-06,96,3,1.57142857142857,0.142857142857143,2.06535923168637,0.187759930153306
33007,Coos,2020-08-06,16,0,0,0,0,0
33009,Grafton,2020-08-06,103,1,0,0,0,0
33011,Hillsborough,2020-08-06,3807,279,12.8571428571429,0.285714285714286,3.08306285166186,0.0685125078147079
33013,Merrimack,2020-08-06,460,21,0.571428571428571,0,0.377452141427543,0
33015,Rockingham,2020-08-06,1665,96,7.42857142857143,0.142857142857143,2.3981003355957,0.0461173141460711
33017,Strafford,2020-08-06,346,13,3.28571428571429,0,2.51522531497729,0
33019,Sullivan,2020-08-06,40,1,0.285714285714286,0,0.662203415645218,0
34001,Atlantic,2020-08-06,3457,252,15.8571428571429,0.285714285714286,6.01401102026884,0.108360558923763
34003,Bergen,2020-08-06,20920,2037,36.1428571428571,0,3.87714863761901,0
34005,Burlington,2020-08-06,5967,471,27.8571428571429,0.285714285714286,6.25512639685794,0.0641551425318763
34007,Camden,2020-08-06,8520,578,32.1428571428571,1,6.34643585572662,0.19744467106705
34009,Cape May,2020-08-06,828,87,2.85714285714286,0.142857142857143,3.10427411982188,0.155213705991094
34011,Cumberland,2020-08-06,3321,158,17.7142857142857,0.142857142857143,11.8468809741958,0.0955393626951272
34013,Essex,2020-08-06,19883,2107,28.4285714285714,1,3.55813028299652,0.125160361713445
34015,Gloucester,2020-08-06,3200,209,23.1428571428571,0.428571428571429,7.93552824166329,0.146954226697468
34017,Hudson,2020-08-06,19747,1502,20.5714285714286,0.428571428571429,3.05944436665996,0.0637384243054158
34019,Hunterdon,2020-08-06,1200,126,2.71428571428571,0,2.18241046086766,0
34021,Mercer,2020-08-06,8126,618,12.1428571428571,0.857142857142857,3.30480830167845,0.233280586000832
34023,Middlesex,2020-08-06,18025,1401,27.5714285714286,0,3.34174020515168,0
34025,Monmouth,2020-08-06,10324,856,31.4285714285714,0,5.07899569785978,0
34027,Morris,2020-08-06,7357,827,13.8571428571429,0,2.817380039879,0
34029,Ocean,2020-08-06,10618,1016,27.7142857142857,0.285714285714286,4.56438154277037,0.047055479822375
34031,Passaic,2020-08-06,17733,1239,28.2857142857143,0,5.63655814679078,0
34033,Salem,2020-08-06,892,87,2.85714285714286,0.571428571428571,4.5798555055588,0.91597110111176
34035,Somerset,2020-08-06,5292,562,7,1.14285714285714,2.12808648543477,0.347442691499554
34037,Sussex,2020-08-06,1357,197,3.85714285714286,0.285714285714286,2.74553190104696,0.203372733410886
34039,Union,2020-08-06,16792,1348,23.5714285714286,0.285714285714286,4.23686706020742,0.0513559643661506
34041,Warren,2020-08-06,1353,171,1.85714285714286,0.142857142857143,1.76422132020753,0.135709332323656
35001,Bernalillo,2020-08-06,5029,129,48.7142857142857,1.71428571428571,7.17313788180394,0.252427139535622
35003,Catron,2020-08-06,5,1,0.142857142857143,0,4.05038681194054,0
35005,Chaves,2020-08-06,411,6,13.4285714285714,0.142857142857143,20.78243663015,0.221089751384575
35006,Cibola,2020-08-06,647,17,8.42857142857143,0,31.5972687106708,0
35007,Colfax,2020-08-06,16,1,0.428571428571429,0,3.58907485613792,0
35009,Curry,2020-08-06,516,2,12.1428571428571,0,24.8046270843182,0
35013,Doña Ana,2020-08-06,2359,27,29.8571428571429,1.14285714285714,13.6836970861582,0.523777878896007
35015,Eddy,2020-08-06,278,4,5.57142857142857,0.142857142857143,9.53032598602219,0.244367332974928
35017,Grant,2020-08-06,71,2,0.714285714285714,0,2.64569862317844,0
35019,Guadalupe,2020-08-06,31,0,0,0,0,0
35021,Harding,2020-08-06,1,0,0,0,0,0
35023,Hidalgo,2020-08-06,89,0,0.571428571428571,0,13.6119240454638,0
35025,Lea,2020-08-06,733,4,19,0.142857142857143,26.7342057126776,0.201009065508854
35027,Lincoln,2020-08-06,117,1,3.71428571428571,0,18.9775481007854,0
35028,Los Alamos,2020-08-06,20,0,0.285714285714286,0,1.47511118650568,0
35029,Luna,2020-08-06,241,3,3,0,12.6534227508541,0
35031,McKinley,2020-08-06,4033,222,8,0.428571428571429,11.2096627292726,0.600517646211034
35033,Mora,2020-08-06,6,0,0,0,0,0
35035,Otero,2020-08-06,1096,10,3.14285714285714,0,4.65677454861038,0
35037,Quay,2020-08-06,34,1,0.428571428571429,0,5.19291686140105,0
35039,Rio Arriba,2020-08-06,312,5,2.85714285714286,0.142857142857143,7.34087730824711,0.367043865412355
35041,Roosevelt,2020-08-06,157,1,3.28571428571429,0,17.7606177606178,0
35043,Sandoval,2020-08-06,1117,33,7.71428571428571,0,5.25682511126946,0
35045,San Juan,2020-08-06,3026,183,5.71428571428571,0.571428571428571,4.60985633382736,0.460985633382736
35047,San Miguel,2020-08-06,42,0,0.142857142857143,0,0.52372747317206,0
35049,Santa Fe,2020-08-06,619,3,9.71428571428571,0,6.46077076995286,0
35051,Sierra,2020-08-06,31,0,0.428571428571429,0,3.97156360459113,0
35053,Socorro,2020-08-06,73,6,0,0.142857142857143,0,0.858671292042693
35055,Taos,2020-08-06,106,1,2.14285714285714,0,6.5484739872785,0
35057,Torrance,2020-08-06,104,1,0.285714285714286,0,1.84796769752465,0
35059,Union,2020-08-06,29,2,0.428571428571429,0.285714285714286,10.558547143913,7.03903142927533
35061,Valencia,2020-08-06,424,4,7.57142857142857,0,9.87302911984739,0
36001,Albany,2020-08-06,2565,116,10.2857142857143,0,3.36677979670261,0
36003,Allegany,2020-08-06,78,2,0.571428571428571,0.285714285714286,1.2397834098383,0.619891704919151
36007,Broome,2020-08-06,1094,74,9.28571428571429,0,4.87469776873834,0
36009,Cattaraugus,2020-08-06,164,6,1,0.142857142857143,1.31376696401592,0.187680994859418
36011,Cayuga,2020-08-06,151,2,1.42857142857143,0.142857142857143,1.8655602650588,0.18655602650588
36013,Chautauqua,2020-08-06,244,4,2.85714285714286,0,2.25143838769994,0
36015,Chemung,2020-08-06,165,2,0.428571428571429,0,0.513529798422437,0
36017,Chenango,2020-08-06,212,6,0.857142857142857,0.428571428571429,1.81571135031427,0.907855675157135
36019,Clinton,2020-08-06,127,4,0.285714285714286,0,0.354990725867287,0
36021,Columbia,2020-08-06,534,47,3,0.571428571428571,5.04532382570088,0.961014062038263
36023,Cortland,2020-08-06,94,1,0.571428571428571,0.142857142857143,1.20095956669379,0.300239891673447
36025,Delaware,2020-08-06,104,4,0.428571428571429,0.571428571428571,0.971046626422179,1.29472883522957
36027,Dutchess,2020-08-06,4582,153,16.2857142857143,0,5.53525422840013,0
36029,Erie,2020-08-06,8737,596,43.2857142857143,0,4.71161642030977,0
36031,Essex,2020-08-06,55,0,0,0,0,0
36033,Franklin,2020-08-06,52,1,0.571428571428571,0,1.14235450687412,0
36035,Fulton,2020-08-06,291,28,2.28571428571429,1.14285714285714,4.28172692751304,2.14086346375652
36037,Genesee,2020-08-06,274,6,0.571428571428571,0,0.997605746209098,0
36039,Greene,2020-08-06,290,13,0.428571428571429,1.14285714285714,0.908221218469587,2.42192324925223
36041,Hamilton,2020-08-06,8,1,0.142857142857143,0.142857142857143,3.23498964803313,3.23498964803313
36043,Herkimer,2020-08-06,268,6,4.14285714285714,0.571428571428571,6.75623728837252,0.931894798396209
36045,Jefferson,2020-08-06,140,1,1.71428571428571,0.142857142857143,1.56079694291905,0.130066411909921
36049,Lewis,2020-08-06,39,5,0.714285714285714,0.714285714285714,2.71632839323743,2.71632839323743
36051,Livingston,2020-08-06,173,6,1.28571428571429,0.285714285714286,2.04360601092648,0.454134669094773
36053,Madison,2020-08-06,409,9,1.85714285714286,0.428571428571429,2.61786957773764,0.604123748708685
36055,Monroe,2020-08-06,4869,254,27.2857142857143,0,3.67846020811226,0
36057,Montgomery,2020-08-06,169,4,2.42857142857143,0,4.93401480784915,0
36059,Nassau,2020-08-06,43534,2194,53.7142857142857,0,3.95853310239083,0
36063,Niagara,2020-08-06,1470,88,5.14285714285714,2.85714285714286,2.45739323820946,1.36521846567192
36065,Oneida,2020-08-06,2117,115,7.85714285714286,0.714285714285714,3.43600319110987,0.312363926464534
36067,Onondaga,2020-08-06,3535,175,10.8571428571429,0,2.35754239853882,0
36069,Ontario,2020-08-06,355,27,0.857142857142857,0.142857142857143,0.780803681229089,0.130133946871515
36071,Orange,2020-08-06,11142,407,7.85714285714286,0.428571428571429,2.0411344254021,0.111334605021933
36073,Orleans,2020-08-06,297,55,0.857142857142857,2,2.12416449529852,4.9563838223632
36075,Oswego,2020-08-06,251,3,1.57142857142857,0.428571428571429,1.34167939229242,0.365912561534296
36077,Otsego,2020-08-06,115,4,1.14285714285714,0,1.92099430665312,0
36079,Putnam,2020-08-06,1444,63,3.71428571428571,0.285714285714286,3.77775194699523,0.290596303615018
36083,Rensselaer,2020-08-06,758,35,5.71428571428571,0,3.60036651731146,0
36087,Rockland,2020-08-06,13918,507,8.28571428571429,5.28571428571429,2.5432762572445,1.62243485375942
36089,St. Lawrence,2020-08-06,263,4,0.428571428571429,0,0.397783022620595,0
36091,Saratoga,2020-08-06,747,15,5.42857142857143,1.42857142857143,2.36165517224235,0.621488203221671
36093,Schenectady,2020-08-06,1050,40,4.57142857142857,0.571428571428571,2.94363039776726,0.367953799720907
36095,Schoharie,2020-08-06,69,2,0.142857142857143,0.285714285714286,0.460844359034623,0.921688718069246
36097,Schuyler,2020-08-06,22,0,0.285714285714286,0,1.60450545130727,0
36099,Seneca,2020-08-06,86,1,0.285714285714286,0.142857142857143,0.839940868162881,0.419970434081441
36101,Steuben,2020-08-06,297,39,1,2.85714285714286,1.04844881997085,2.99556805705958
36103,Suffolk,2020-08-06,43630,1998,65.7142857142857,0,4.45037526821976,0
36105,Sullivan,2020-08-06,1485,37,0.857142857142857,0.714285714285714,1.13631198581883,0.946926654849022
36107,Tioga,2020-08-06,193,21,1.28571428571429,0.285714285714286,2.6672910103402,0.592731335631155
36109,Tompkins,2020-08-06,232,0,0.714285714285714,0,0.699046500573218,0
36111,Ulster,2020-08-06,2045,81,5,4.57142857142857,2.81574338441092,2.57439395146141
36113,Warren,2020-08-06,304,30,0.857142857142857,0,1.34045861557434,0
36115,Washington,2020-08-06,256,14,0.285714285714286,0.428571428571429,0.466822896729439,0.700234345094158
36117,Wayne,2020-08-06,249,2,0.857142857142857,0.142857142857143,0.953249468563421,0.158874911427237
36119,Westchester,2020-08-06,36106,1447,27.7142857142857,0,2.86450789083331,0
36121,Wyoming,2020-08-06,115,5,0.571428571428571,0.285714285714286,1.43362495654324,0.716812478271622
36123,Yates,2020-08-06,56,6,0.571428571428571,0,2.29369634900884,0
37001,Alamance,2020-08-06,2343,41,34.5714285714286,0,20.3950401285056,0
37003,Alexander,2020-08-06,284,2,3.57142857142857,0,9.52457148952869,0
37005,Alleghany,2020-08-06,165,0,14.1428571428571,0,126.989827986506,0
37007,Anson,2020-08-06,318,2,2.85714285714286,0,11.6875679339886,0
37009,Ashe,2020-08-06,142,1,5,0,18.3803256993714,0
37011,Avery,2020-08-06,90,0,2.14285714285714,0,12.2051440613837,0
37013,Beaufort,2020-08-06,365,2,4.85714285714286,0,10.3356659512765,0
37015,Bertie,2020-08-06,263,5,5.28571428571429,0.142857142857143,27.8973678456446,0.753982914747152
37017,Bladen,2020-08-06,603,6,5.71428571428571,0,17.4631309647507,0
37019,Brunswick,2020-08-06,1247,21,13.2857142857143,0.714285714285714,9.3024186288435,0.50013003380879
37021,Buncombe,2020-08-06,1785,56,29.8571428571429,0.142857142857143,11.4311530095382,0.0546945120073597
37023,Burke,2020-08-06,1611,26,13.8571428571429,0.142857142857143,15.3142983446349,0.157879364377679
37025,Cabarrus,2020-08-06,2520,48,29.1428571428571,1,13.4638268551866,0.461994058756404
37027,Caldwell,2020-08-06,1179,11,16.1428571428571,0.285714285714286,19.6437697958786,0.347677341519976
37029,Camden,2020-08-06,65,2,1.42857142857143,0,13.1459595893202,0
37031,Carteret,2020-08-06,323,5,6.28571428571429,0.142857142857143,9.04770815383571,0.205629730768993
37033,Caswell,2020-08-06,191,2,1.71428571428571,0,7.58399271936699,0
37035,Catawba,2020-08-06,2018,25,27,0.142857142857143,16.9224887340098,0.0895369774286234
37037,Chatham,2020-08-06,1274,52,10.5714285714286,0.428571428571429,14.1955533388325,0.575495405628345
37039,Cherokee,2020-08-06,255,3,5.14285714285714,0,17.9744762437339,0
37041,Chowan,2020-08-06,148,1,5.57142857142857,0,39.9586069814858,0
37043,Clay,2020-08-06,61,0,0.714285714285714,0,6.35994759403183,0
37045,Cleveland,2020-08-06,1128,18,27.4285714285714,0.714285714285714,28.0034829331898,0.729257368051818
37047,Columbus,2020-08-06,864,48,9.28571428571429,0.571428571428571,16.7286054005085,1.0294526400313
37049,Craven,2020-08-06,673,11,9,0.285714285714286,8.81152155396078,0.279730842982882
37051,Cumberland,2020-08-06,2939,50,54.1428571428571,0,16.137527500859,0
37053,Currituck,2020-08-06,71,0,0.142857142857143,0,0.514559459918391,0
37055,Dare,2020-08-06,205,2,2.42857142857143,0.142857142857143,6.5621103746965,0.386006492629206
37057,Davidson,2020-08-06,1709,18,14.7142857142857,0.142857142857143,8.77893532822564,0.0852323818274334
37059,Davie,2020-08-06,403,4,8.85714285714286,0.142857142857143,20.67204139743,0.333420022539194
37061,Duplin,2020-08-06,1966,48,9.42857142857143,0.857142857142857,16.0510911093979,1.45919010085436
37063,Durham,2020-08-06,6041,79,46,0.285714285714286,14.3084656347982,0.0888724573589949
37065,Edgecombe,2020-08-06,616,12,8,0.142857142857143,15.5424308361828,0.277543407788978
37067,Forsyth,2020-08-06,5091,51,42.8571428571429,0.428571428571429,11.2104900292033,0.112104900292033
37069,Franklin,2020-08-06,828,25,11.5714285714286,0,16.6053362580592,0
37071,Gaston,2020-08-06,3222,47,51.2857142857143,2,22.8414655949629,0.8907535329512
37073,Gates,2020-08-06,45,2,1,0,8.64902266043937,0
37075,Graham,2020-08-06,31,0,1.14285714285714,0,13.539357219016,0
37077,Granville,2020-08-06,1209,27,10.1428571428571,0.285714285714286,16.7808631981489,0.472700371778842
37079,Greene,2020-08-06,322,3,5,0,23.7315487208695,0
37081,Guilford,2020-08-06,5430,153,55.4285714285714,1.57142857142857,10.3185506797744,0.292536230612161
37083,Halifax,2020-08-06,668,6,10.4285714285714,0,20.8529722626903,0
37085,Harnett,2020-08-06,1219,39,20.7142857142857,0.428571428571429,15.233780751225,0.315181670715
37087,Haywood,2020-08-06,375,10,15.2857142857143,1.14285714285714,24.5289636627474,1.83394120842971
37089,Henderson,2020-08-06,1452,54,18.1428571428571,0,15.4516442617825,0
37091,Hertford,2020-08-06,313,11,6.85714285714286,0,28.9611980282251,0
37093,Hoke,2020-08-06,703,9,7.85714285714286,0.142857142857143,14.2251925573793,0.258639864679623
37095,Hyde,2020-08-06,38,0,0.142857142857143,0,2.89360224543534,0
37097,Iredell,2020-08-06,1766,17,23,0.142857142857143,12.6508476067897,0.0785766932098736
37099,Jackson,2020-08-06,436,5,7.71428571428571,0.285714285714286,17.5572072335694,0.650266934576644
37101,Johnston,2020-08-06,3182,46,40.4285714285714,0.285714285714286,19.312489038627,0.136484021474396
37103,Jones,2020-08-06,79,3,3.42857142857143,0,36.4005884761804,0
37105,Lee,2020-08-06,1253,11,18.4285714285714,0.285714285714286,29.8298312186527,0.462478003389964
37107,Lenoir,2020-08-06,553,11,6,0,10.7240522618814,0
37109,Lincoln,2020-08-06,802,3,13.1428571428571,0.142857142857143,15.2626925048567,0.165898831574529
37111,McDowell,2020-08-06,662,12,17.5714285714286,0.571428571428571,38.4024577572965,1.24886041487143
37113,Macon,2020-08-06,456,2,2.42857142857143,0,6.77274646821191,0
37115,Madison,2020-08-06,41,0,0.714285714285714,0,3.28331746396559,0
37117,Martin,2020-08-06,247,6,1.71428571428571,0,7.63941940412529,0
37119,Mecklenburg,2020-08-06,21704,230,206.142857142857,4,18.5654742391501,0.36024482238129
37121,Mitchell,2020-08-06,79,2,0.857142857142857,0,5.72803299347004,0
37123,Montgomery,2020-08-06,621,13,8.28571428571429,0,30.4924531178533,0
37125,Moore,2020-08-06,968,20,15.7142857142857,0,15.5772062988558,0
37127,Nash,2020-08-06,1109,12,20.8571428571429,0.285714285714286,22.1183300357832,0.302990822407989
37129,New Hanover,2020-08-06,2451,20,28.1428571428571,0.285714285714286,12.0026003603217,0.121853810764688
37131,Northampton,2020-08-06,284,16,2,0,10.265359544218,0
37133,Onslow,2020-08-06,1015,10,27.8571428571429,0,14.0736709763375,0
37135,Orange,2020-08-06,1316,46,9.42857142857143,0.142857142857143,6.35023264943252,0.096215646203523
37137,Pamlico,2020-08-06,67,1,2.28571428571429,0,17.9609797714465,0
37139,Pasquotank,2020-08-06,371,19,5,0.285714285714286,12.5552430695058,0.717442461114619
37141,Pender,2020-08-06,638,3,5.85714285714286,0,9.28820624348693,0
37143,Perquimans,2020-08-06,76,2,2,0,14.8555299710317,0
37145,Person,2020-08-06,203,2,2.28571428571429,0,5.78808378251275,0
37147,Pitt,2020-08-06,1875,11,33.7142857142857,0,18.653265823265,0
37149,Polk,2020-08-06,148,5,2.42857142857143,0,11.7186422918907,0
37151,Randolph,2020-08-06,2125,37,18,0.142857142857143,12.5289732506421,0.0994362956400167
37153,Richmond,2020-08-06,498,9,4.28571428571429,0.142857142857143,9.56013804839342,0.318671268279781
37155,Robeson,2020-08-06,2726,53,27.8571428571429,0.285714285714286,21.326042378674,0.218728639781271
37157,Rockingham,2020-08-06,509,3,9.71428571428571,0,10.6738662941278,0
37159,Rowan,2020-08-06,2151,50,26.4285714285714,0,18.6001431708318,0
37161,Rutherford,2020-08-06,714,14,12.5714285714286,0,18.7552083000322,0
37163,Sampson,2020-08-06,1453,13,7.28571428571429,0.285714285714286,11.4679672690722,0.449724206630284
37165,Scotland,2020-08-06,320,2,8.71428571428571,0,25.0245117143431,0
37167,Stanly,2020-08-06,1000,24,21.7142857142857,2,34.5735848713271,3.18440913288539
37169,Stokes,2020-08-06,282,3,6.14285714285714,0,13.4738372548467,0
37171,Surry,2020-08-06,897,9,9.28571428571429,0.285714285714286,12.935812498383,0.398024999950247
37173,Swain,2020-08-06,107,2,1.14285714285714,0,8.00824849595083,0
37175,Transylvania,2020-08-06,129,1,1.85714285714286,0,5.40102619497705,0
37177,Tyrrell,2020-08-06,92,1,0.428571428571429,0,10.6715993170176,0
37179,Union,2020-08-06,2975,43,43.4285714285714,0.571428571428571,18.1058752969751,0.238235201275988
37181,Vance,2020-08-06,751,40,5.85714285714286,0,13.1517746876454,0
37183,Wake,2020-08-06,11711,152,134.857142857143,3.71428571428571,12.1300479920723,0.334090304866398
37185,Warren,2020-08-06,254,6,2.71428571428571,0,13.7564528624282,0
37187,Washington,2020-08-06,127,4,2,0.142857142857143,17.2711571675302,1.23365408339502
37189,Watauga,2020-08-06,273,0,4.57142857142857,0,8.13754485185854,0
37191,Wayne,2020-08-06,2361,40,14.1428571428571,0.428571428571429,11.4860247564441,0.348061356255881
37193,Wilkes,2020-08-06,762,10,5.85714285714286,0.142857142857143,8.56157232231605,0.20881883712966
37195,Wilson,2020-08-06,1449,34,13.5714285714286,0.285714285714286,16.5907856522886,0.349279697942917
37197,Yadkin,2020-08-06,524,6,7.28571428571429,0,19.3424331263819,0
37199,Yancey,2020-08-06,75,0,0.571428571428571,0,3.16248033332543,0
38001,Adams,2020-08-06,2,0,0,0,0,0
38003,Barnes,2020-08-06,37,0,0.857142857142857,0,8.22988821068514,0
38005,Benson,2020-08-06,131,1,8.14285714285714,0,119.187019069923,0
38007,Billings,2020-08-06,2,0,0.142857142857143,0,15.3940886699507,0
38009,Bottineau,2020-08-06,18,0,1.14285714285714,0,18.1925683358348,0
38011,Bowman,2020-08-06,6,0,0,0,0,0
38013,Burke,2020-08-06,23,0,1.14285714285714,0,54.0357987166498,0
38015,Burleigh,2020-08-06,1082,5,29.2857142857143,0.142857142857143,30.6252633025686,0.149391528305213
38017,Cass,2020-08-06,2977,76,15,0,8.24524661532626,0
38019,Cavalier,2020-08-06,31,0,0.142857142857143,0,3.79737221842485,0
38021,Dickey,2020-08-06,12,0,0.285714285714286,0,5.8644147314098,0
38023,Divide,2020-08-06,1,0,0,0,0,0
38025,Dunn,2020-08-06,30,0,0.428571428571429,0,9.68741927150607,0
38027,Eddy,2020-08-06,17,0,0.571428571428571,0,24.9859454057093,0
38029,Emmons,2020-08-06,17,1,0.285714285714286,0,8.81562128090977,0
38031,Foster,2020-08-06,23,0,1.57142857142857,0,48.9541611036938,0
38033,Golden Valley,2020-08-06,4,0,0,0,0,0
38035,Grand Forks,2020-08-06,657,6,7,0.285714285714286,10.079048537818,0.411389736237471
38037,Grant,2020-08-06,4,0,0,0,0,0
38039,Griggs,2020-08-06,31,1,1.42857142857143,0.142857142857143,64.0327847858103,6.40327847858103
38041,Hettinger,2020-08-06,6,0,0,0,0,0
38043,Kidder,2020-08-06,13,0,0.428571428571429,0,17.2811059907834,0
38045,LaMoure,2020-08-06,16,0,0.285714285714286,0,7.06164818868724,0
38047,Logan,2020-08-06,7,0,0.571428571428571,0,30.8880308880309,0
38049,McHenry,2020-08-06,16,1,0.285714285714286,0,4.97326868084048,0
38051,McIntosh,2020-08-06,27,2,1.57142857142857,0.142857142857143,62.9326620516048,5.72115109560043
38053,McKenzie,2020-08-06,85,1,1.71428571428571,0,11.4103149246919,0
38055,McLean,2020-08-06,46,0,2.28571428571429,0,24.1874527588813,0
38057,Mercer,2020-08-06,24,0,0.571428571428571,0,6.97970650334153,0
38059,Morton,2020-08-06,314,3,8.57142857142857,0,27.3288756900541,0
38061,Mountrail,2020-08-06,123,1,2.14285714285714,0,20.3210729526519,0
38063,Nelson,2020-08-06,22,0,1.57142857142857,0,54.5824443010966,0
38065,Oliver,2020-08-06,7,0,0.142857142857143,0,7.29235032450959,0
38067,Pembina,2020-08-06,28,0,0.142857142857143,0,2.10053143445292,0
38069,Pierce,2020-08-06,11,0,0.428571428571429,0,10.7816711590296,0
38071,Ramsey,2020-08-06,65,2,4.28571428571429,0,37.2056106060794,0
38073,Ransom,2020-08-06,26,0,0,0,0,0
38075,Renville,2020-08-06,8,0,0,0,0,0
38077,Richland,2020-08-06,101,0,2.71428571428571,0,16.7786716590574,0
38079,Rolette,2020-08-06,48,0,3.71428571428571,0,26.2012254111577,0
38081,Sargent,2020-08-06,10,0,0.142857142857143,0,3.66488309022942,0
38083,Sheridan,2020-08-06,6,0,0.142857142857143,0,10.8636610537751,0
38085,Sioux,2020-08-06,60,1,0.428571428571429,0.142857142857143,10.1317122593718,3.37723741979061
38087,Slope,2020-08-06,3,0,0,0,0,0
38089,Stark,2020-08-06,229,3,9,0,28.5814093810537,0
38091,Steele,2020-08-06,13,0,0.428571428571429,0,22.6757369614512,0
38093,Stutsman,2020-08-06,125,2,3,0,14.4899536321484,0
38095,Towner,2020-08-06,5,0,0,0,0,0
38097,Traill,2020-08-06,50,0,1.14285714285714,0,14.2217165611889,0
38099,Walsh,2020-08-06,103,0,1.28571428571429,0,12.0826452938097,0
38101,Ward,2020-08-06,204,1,5.57142857142857,0,8.23676257215087,0
38103,Wells,2020-08-06,21,0,1,0,26.0824204486176,0
38105,Williams,2020-08-06,250,2,4.28571428571429,0,11.40151184047,0
39001,Adams,2020-08-06,59,2,0.857142857142857,0,3.09460198260834,0
39003,Allen,2020-08-06,699,42,13.7142857142857,0,13.3992689023905,0
39005,Ashland,2020-08-06,137,3,2,0,3.73943609303717,0
39007,Ashtabula,2020-08-06,550,45,2.85714285714286,0.142857142857143,2.93820801631293,0.146910400815647
39009,Athens,2020-08-06,353,1,2.71428571428571,0,4.15492172346153,0
39011,Auglaize,2020-08-06,239,5,6.71428571428571,0,14.7062504693484,0
39013,Belmont,2020-08-06,592,26,0.571428571428571,0,0.852802094481944,0
39015,Brown,2020-08-06,123,2,3.42857142857143,0.142857142857143,7.89411362260874,0.328921400942031
39017,Butler,2020-08-06,2822,62,31,0.571428571428571,8.09116392698116,0.149145878838362
39019,Carroll,2020-08-06,110,5,0.857142857142857,0,3.1847471841527,0
39021,Champaign,2020-08-06,157,1,8.85714285714286,0,22.7777879828799,0
39023,Clark,2020-08-06,1115,14,9.85714285714286,0.142857142857143,7.35152320364465,0.106543814545575
39025,Clermont,2020-08-06,892,11,14.2857142857143,0.142857142857143,6.92043438182528,0.0692043438182528
39027,Clinton,2020-08-06,158,6,2.28571428571429,0,5.44632645280758,0
39029,Columbiana,2020-08-06,1618,60,10.1428571428571,0,9.95539701702653,0
39031,Coshocton,2020-08-06,188,6,0.857142857142857,0.142857142857143,2.34192037470726,0.39032006245121
39033,Crawford,2020-08-06,171,5,1.57142857142857,0,3.78712240668186,0
39035,Cuyahoga,2020-08-06,13141,491,132.714285714286,3.71428571428571,10.7454695527294,0.300734347008572
39037,Darke,2020-08-06,360,27,7.42857142857143,0.142857142857143,14.5336243784779,0.279492776509191
39039,Defiance,2020-08-06,133,4,1.28571428571429,0,3.37573000161285,0
39041,Delaware,2020-08-06,1263,19,17.4285714285714,0.285714285714286,8.33197312733782,0.136589723398981
39043,Erie,2020-08-06,556,27,9.71428571428571,0.285714285714286,13.0803944123633,0.384717482716567
39045,Fairfield,2020-08-06,1309,31,18.8571428571429,1.28571428571429,11.9671664469664,0.815943166838619
39047,Fayette,2020-08-06,109,0,4.14285714285714,0,14.5236008513835,0
39049,Franklin,2020-08-06,17834,521,172,2,13.0624048798714,0.151888428835714
39051,Fulton,2020-08-06,144,1,1.57142857142857,0.142857142857143,3.73030568159467,0.339118698326788
39053,Gallia,2020-08-06,62,1,1.85714285714286,0,6.21159561556913,0
39055,Geauga,2020-08-06,548,44,4.71428571428571,0.142857142857143,5.0339947188819,0.152545294511573
39057,Greene,2020-08-06,656,11,8.14285714285714,0,4.8200554898318,0
39059,Guernsey,2020-08-06,114,7,1.57142857142857,0.142857142857143,4.04225999081305,0.367478180983004
39061,Hamilton,2020-08-06,9374,252,71.7142857142857,1.57142857142857,8.77267942969196,0.192230027343848
39063,Hancock,2020-08-06,353,3,8.85714285714286,0.142857142857143,11.687506244333,0.188508165231177
39065,Hardin,2020-08-06,159,12,1.71428571428571,0,5.46560087449614,0
39067,Harrison,2020-08-06,22,1,0.428571428571429,0,2.84954407294833,0
39069,Henry,2020-08-06,113,2,2,0.142857142857143,7.40576168258905,0.52898297732779
39071,Highland,2020-08-06,146,1,4.57142857142857,0,10.5915724182215,0
39073,Hocking,2020-08-06,114,9,1.42857142857143,0,5.05438518458615,0
39075,Holmes,2020-08-06,326,6,1.57142857142857,0.142857142857143,3.57467827895489,0.324970752632263
39077,Huron,2020-08-06,388,5,4.14285714285714,0.142857142857143,7.1102480741035,0.245180968072534
39079,Jackson,2020-08-06,73,0,1.42857142857143,0,4.40740267353046,0
39081,Jefferson,2020-08-06,219,2,4,0,6.12323000382702,0
39083,Knox,2020-08-06,191,7,7,0.714285714285714,11.2319887038285,1.14612129630903
39085,Lake,2020-08-06,1073,38,12.8571428571429,0.714285714285714,5.58644306824833,0.310357948236019
39087,Lawrence,2020-08-06,242,0,6.14285714285714,0,10.3305536936534,0
39089,Licking,2020-08-06,1202,47,20.4285714285714,2.28571428571429,11.5505713090271,1.29237161499603
39091,Logan,2020-08-06,140,2,4.42857142857143,0.142857142857143,9.69646923404149,0.312789330130371
39093,Lorain,2020-08-06,1689,77,18,0.285714285714286,5.80958129056621,0.0922155760407335
39095,Lucas,2020-08-06,5155,320,90.5714285714286,1,21.1443565912362,0.23345504122816
39097,Madison,2020-08-06,349,10,5.85714285714286,0.142857142857143,13.0941469163284,0.31936943698362
39099,Mahoning,2020-08-06,2477,254,18.2857142857143,0.714285714285714,7.99609690519815,0.312347535359303
39101,Marion,2020-08-06,2910,45,7.85714285714286,0.428571428571429,12.0706417850504,0.658398642820931
39103,Medina,2020-08-06,887,35,13.1428571428571,0.285714285714286,7.31190521227574,0.158954461136429
39105,Meigs,2020-08-06,33,0,1.42857142857143,0,6.23639685935054,0
39107,Mercer,2020-08-06,573,13,13.8571428571429,0,33.6567153821599,0
39109,Miami,2020-08-06,811,37,11.8571428571429,0.142857142857143,11.0827884295689,0.133527571440589
39111,Monroe,2020-08-06,91,18,0.285714285714286,0.142857142857143,2.09253175416937,1.04626587708468
39113,Montgomery,2020-08-06,4174,87,47,2.42857142857143,8.83978731847873,0.45676712587884
39115,Morgan,2020-08-06,23,0,0.857142857142857,0,5.90807042419946,0
39117,Morrow,2020-08-06,165,2,1.42857142857143,0,4.04373706004141,0
39119,Muskingum,2020-08-06,215,1,7.42857142857143,0,8.6163329218482,0
39121,Noble,2020-08-06,17,0,0.142857142857143,0,0.990412804056731,0
39123,Ottawa,2020-08-06,368,25,4.71428571428571,0,11.6330307570283,0
39125,Paulding,2020-08-06,64,0,1,0,5.35561268209083,0
39127,Perry,2020-08-06,116,3,4.57142857142857,0.285714285714286,12.6513216677605,0.79070760423503
39129,Pickaway,2020-08-06,2378,42,5.14285714285714,0,8.79767545863993,0
39131,Pike,2020-08-06,75,0,2,0,7.20149791156561,0
39133,Portage,2020-08-06,743,61,7.14285714285714,0.142857142857143,4.39652428376223,0.0879304856752446
39135,Preble,2020-08-06,176,2,5.14285714285714,0,12.5797591674995,0
39137,Putnam,2020-08-06,199,17,2.57142857142857,0,7.59407156146768,0
39139,Richland,2020-08-06,589,11,11.4285714285714,0.142857142857143,9.4330945974309,0.117913682467886
39141,Ross,2020-08-06,444,4,12.1428571428571,0,15.8386470441358,0
39143,Sandusky,2020-08-06,363,16,9.28571428571429,0,15.8681333704404,0
39145,Scioto,2020-08-06,211,1,6.28571428571429,0,8.34601041733846,0
39147,Seneca,2020-08-06,190,3,8.71428571428571,0,15.7930438114569,0
39149,Shelby,2020-08-06,177,4,5.57142857142857,0,11.466204098433,0
39151,Stark,2020-08-06,1766,137,21,1.42857142857143,5.66639503947589,0.385469050304482
39153,Summit,2020-08-06,3433,218,43.1428571428571,0.285714285714286,7.97445849598016,0.0528109834170871
39155,Trumbull,2020-08-06,1481,105,15.2857142857143,1,7.72107159814637,0.505116833523594
39157,Tuscarawas,2020-08-06,762,14,4.57142857142857,0.142857142857143,4.96964633201275,0.155301447875399
39159,Union,2020-08-06,233,1,4.14285714285714,0,7.02322021912447,0
39161,Van Wert,2020-08-06,70,1,0.714285714285714,0,2.52620942276115,0
39163,Vinton,2020-08-06,30,2,0.142857142857143,0,1.09176265079972,0
39165,Warren,2020-08-06,1711,36,27.7142857142857,0.285714285714286,11.8133203102641,0.12178680732231
39167,Washington,2020-08-06,198,22,1,0.142857142857143,1.66914256146618,0.238448937352311
39169,Wayne,2020-08-06,519,58,6.71428571428571,0,5.80268405002654,0
39171,Williams,2020-08-06,130,3,2.57142857142857,0,7.00814502188099,0
39173,Wood,2020-08-06,993,58,20.1428571428571,0,15.3977366419174,0
39175,Wyandot,2020-08-06,136,8,3.14285714285714,0.428571428571429,14.4353166583554,1.96845227159392
40001,Adair,2020-08-06,325,6,7.28571428571429,0.142857142857143,32.8274050901788,0.643674609611349
40003,Alfalfa,2020-08-06,3,0,0,0,0,0
40005,Atoka,2020-08-06,67,0,1,0,7.26849832824538,0
40007,Beaver,2020-08-06,36,0,0,0,0,0
40009,Beckham,2020-08-06,52,1,1.57142857142857,0.142857142857143,7.18893165940149,0.653539241763772
40011,Blaine,2020-08-06,40,0,0.142857142857143,0,1.51508264775844,0
40013,Bryan,2020-08-06,410,1,6,0,12.5013022189811,0
40015,Caddo,2020-08-06,392,16,8.57142857142857,0.285714285714286,29.8012258237555,0.993374194125185
40017,Canadian,2020-08-06,1152,7,23.4285714285714,0.285714285714286,15.7974535275521,0.192651872287221
40019,Carter,2020-08-06,326,4,5.85714285714286,0.142857142857143,12.1742280500153,0.296932391463788
40021,Cherokee,2020-08-06,391,2,14.1428571428571,0.142857142857143,29.0664388327623,0.293600392250124
40023,Choctaw,2020-08-06,173,1,1.71428571428571,0,11.6840629381524,0
40025,Cimarron,2020-08-06,1,0,0,0,0,0
40027,Cleveland,2020-08-06,2909,55,60.2857142857143,1.14285714285714,21.2263178173309,0.402394650565515
40029,Coal,2020-08-06,31,0,0.571428571428571,0,10.3990640842324,0
40031,Comanche,2020-08-06,795,10,6.28571428571429,0,5.20560359565237,0
40033,Cotton,2020-08-06,18,2,0.142857142857143,0,2.52130502748222,0
40035,Craig,2020-08-06,78,0,1.42857142857143,0,10.1016223205447,0
40037,Creek,2020-08-06,552,13,12,0.142857142857143,16.7780543049691,0.199738741725823
40039,Custer,2020-08-06,202,0,4.14285714285714,0,14.2842366060654,0
40041,Delaware,2020-08-06,412,19,3.85714285714286,0,8.96822259792801,0
40043,Dewey,2020-08-06,8,0,0.142857142857143,0,2.92081666033823,0
40045,Ellis,2020-08-06,3,0,0,0,0,0
40047,Garfield,2020-08-06,396,5,10.2857142857143,0.142857142857143,16.8463611859838,0.23397723869422
40049,Garvin,2020-08-06,220,4,3.42857142857143,0,12.3726008753615,0
40051,Grady,2020-08-06,428,7,5.28571428571429,0.142857142857143,9.46683792261756,0.255860484395069
40053,Grant,2020-08-06,12,0,0.428571428571429,0,9.89087072631961,0
40055,Greer,2020-08-06,82,8,0.428571428571429,0.142857142857143,7.50300120048019,2.50100040016006
40057,Harmon,2020-08-06,27,0,1.71428571428571,0,64.6168757740563,0
40059,Harper,2020-08-06,9,0,0.571428571428571,0,15.4942671211652,0
40061,Haskell,2020-08-06,50,0,2.57142857142857,0,20.3645249974544,0
40063,Hughes,2020-08-06,124,1,4,0,30.1227502070939,0
40065,Jackson,2020-08-06,504,5,8.85714285714286,0.285714285714286,36.1073903674801,1.16475452798323
40067,Jefferson,2020-08-06,32,0,0.714285714285714,0,11.9007949731042,0
40069,Johnston,2020-08-06,45,0,1.14285714285714,0,10.309942650944,0
40071,Kay,2020-08-06,233,11,4,0.142857142857143,9.18737654462768,0.32812059087956
40073,Kingfisher,2020-08-06,115,0,2.71428571428571,0,17.217162792805,0
40075,Kiowa,2020-08-06,27,1,0.428571428571429,0,4.92158278102238,0
40077,Latimer,2020-08-06,80,1,3.14285714285714,0,31.2008055480705,0
40079,Le Flore,2020-08-06,298,1,16.2857142857143,0,32.6674709359804,0
40081,Lincoln,2020-08-06,152,2,5.71428571428571,0,16.3841090526299,0
40083,Logan,2020-08-06,198,1,4.85714285714286,0,10.1167292019388,0
40085,Love,2020-08-06,69,0,0.714285714285714,0,6.96660210948712,0
40087,McClain,2020-08-06,424,4,6.42857142857143,0,15.8832125032649,0
40089,McCurtain,2020-08-06,839,28,3.57142857142857,0.428571428571429,10.8778891673629,1.30534670008354
40091,McIntosh,2020-08-06,166,1,3.57142857142857,0,18.2252937917359,0
40093,Major,2020-08-06,27,1,0.571428571428571,0,7.49021590547347,0
40095,Marshall,2020-08-06,102,1,2.71428571428571,0.142857142857143,16.0314554030224,0.843760810685387
40097,Mayes,2020-08-06,305,6,5,0,12.1654501216545,0
40099,Murray,2020-08-06,69,0,1.42857142857143,0,10.1511506329242,0
40101,Muskogee,2020-08-06,486,16,10.7142857142857,0,15.7569976826709,0
40103,Noble,2020-08-06,83,2,1.28571428571429,0,11.5507527240525,0
40105,Nowata,2020-08-06,57,1,0.857142857142857,0,8.50677706572903,0
40107,Okfuskee,2020-08-06,60,0,1.71428571428571,0,14.294052482996,0
40109,Oklahoma,2020-08-06,10113,109,206.285714285714,1.85714285714286,25.868688102804,0.232889851341034
40111,Okmulgee,2020-08-06,441,3,10.2857142857143,0.142857142857143,26.7404505023119,0.371395145865444
40113,Osage,2020-08-06,391,11,6.42857142857143,0,13.6885876723621,0
40115,Ottawa,2020-08-06,358,3,6.71428571428571,0.142857142857143,21.5706162312003,0.4589492815149
40117,Pawnee,2020-08-06,130,3,2.42857142857143,0,14.8300649033429,0
40119,Payne,2020-08-06,698,4,8.57142857142857,0.142857142857143,10.4805690250276,0.174676150417127
40121,Pittsburg,2020-08-06,252,3,13.1428571428571,0,30.1068794219479,0
40123,Pontotoc,2020-08-06,188,2,3.42857142857143,0,8.95562487872591,0
40125,Pottawatomie,2020-08-06,427,9,11.4285714285714,0.428571428571429,15.7435687521647,0.590383828206178
40127,Pushmataha,2020-08-06,105,0,3.14285714285714,0,28.3242352456484,0
40129,Roger Mills,2020-08-06,8,0,0,0,0,0
40131,Rogers,2020-08-06,902,16,22.4285714285714,0.428571428571429,24.2578563780394,0.463525918051708
40133,Seminole,2020-08-06,221,5,6,0,24.7341083353945,0
40135,Sequoyah,2020-08-06,309,4,13.5714285714286,0,32.6479553788366,0
40137,Stephens,2020-08-06,192,2,3.42857142857143,0,7.94699355300148,0
40139,Texas,2020-08-06,1046,7,2.42857142857143,0,12.1531873521064,0
40141,Tillman,2020-08-06,58,1,0.571428571428571,0,7.88177339901478,0
40143,Tulsa,2020-08-06,9969,105,190.428571428571,1,29.2269184084419,0.153479691567212
40145,Wagoner,2020-08-06,805,23,18.8571428571429,0.142857142857143,23.197656333751,0.175739820710235
40147,Washington,2020-08-06,606,39,7.14285714285714,0,13.8623578761759,0
40149,Washita,2020-08-06,26,0,0.428571428571429,0,3.92608490812961,0
40151,Woods,2020-08-06,19,0,0.571428571428571,0,6.49867589478644,0
40153,Woodward,2020-08-06,36,0,0.857142857142857,0,4.24097203078946,0
41001,Baker,2020-08-06,37,0,1.71428571428571,0,10.6318885778077,0
41003,Benton,2020-08-06,161,6,1.85714285714286,0,1.99579041744259,0
41005,Clackamas,2020-08-06,1484,39,20.7142857142857,0.428571428571429,4.95335477054182,0.102483202149141
41007,Clatsop,2020-08-06,83,0,1.42857142857143,0,3.55153994772133,0
41009,Columbia,2020-08-06,90,0,2.42857142857143,0,4.63875048434012,0
41011,Coos,2020-08-06,90,0,0.857142857142857,0,1.32917154952604,0
41013,Crook,2020-08-06,43,1,0.428571428571429,0,1.75615238719648,0
41015,Curry,2020-08-06,14,0,0,0,0,0
41017,Deschutes,2020-08-06,567,8,8.28571428571429,0.428571428571429,4.19122386627394,0.216787441358997
41019,Douglas,2020-08-06,145,1,3.14285714285714,0,2.83191308601292,0
41021,Gilliam,2020-08-06,4,0,0.142857142857143,0,7.47160789001793,0
41023,Grant,2020-08-06,3,0,0.142857142857143,0,1.98440259559859,0
41025,Harney,2020-08-06,10,0,0.285714285714286,0,3.86465962010396,0
41027,Hood River,2020-08-06,178,0,2.28571428571429,0,9.77552940601439,0
41029,Jackson,2020-08-06,437,1,14.5714285714286,0,6.59507774432823,0
41031,Jefferson,2020-08-06,341,3,6.85714285714286,0,27.8089985284405,0
41033,Josephine,2020-08-06,110,2,1.71428571428571,0.142857142857143,1.959474795439,0.163289566286583
41035,Klamath,2020-08-06,200,1,2.14285714285714,0,3.14026956073909,0
41037,Lake,2020-08-06,32,0,0,0,0,0
41039,Lane,2020-08-06,552,3,9.71428571428571,0,2.5425607849633,0
41041,Lincoln,2020-08-06,411,9,3.71428571428571,0.142857142857143,7.43422143686344,0.285931593725517
41043,Linn,2020-08-06,265,10,4.57142857142857,0,3.52328616900984,0
41045,Malheur,2020-08-06,734,12,14.2857142857143,0.428571428571429,46.7296270508465,1.4018888115254
41047,Marion,2020-08-06,2789,68,35.4285714285714,0.142857142857143,10.1859511090776,0.041072383504345
41049,Morrow,2020-08-06,329,3,8.28571428571429,0.142857142857143,71.410103298408,1.23120867755876
41051,Multnomah,2020-08-06,4653,95,56.1428571428571,0.428571428571429,6.90687233797629,0.0527242163204297
41053,Polk,2020-08-06,301,12,3.57142857142857,0,4.14872343779819,0
41055,Sherman,2020-08-06,15,0,1,0,56.1797752808989,0
41057,Tillamook,2020-08-06,34,0,1.42857142857143,0,5.28396001099064,0
41059,Umatilla,2020-08-06,2192,27,37.5714285714286,0.714285714285714,48.199395216714,0.916338312104829
41061,Union,2020-08-06,392,2,0.857142857142857,0,3.1941228140222,0
41063,Wallowa,2020-08-06,19,1,0,0,0,0
41065,Wasco,2020-08-06,178,3,3.71428571428571,0,13.9205671024875,0
41067,Washington,2020-08-06,2944,24,34.8571428571429,0.285714285714286,5.79414999819526,0.0474930327720923
41071,Yamhill,2020-08-06,413,12,13.5714285714286,0.285714285714286,12.671735360811,0.266773376017073
42001,Adams,2020-08-06,490,20,4.14285714285714,0.142857142857143,4.02183997792149,0.138684137169706
42003,Allegheny,2020-08-06,8612,251,108.857142857143,2.28571428571429,8.95173639603328,0.187962968945581
42005,Armstrong,2020-08-06,200,6,3.14285714285714,0,4.85495812598616,0
42007,Beaver,2020-08-06,1280,91,13,0.428571428571429,7.93026249168848,0.261437225000719
42009,Bedford,2020-08-06,136,4,1.28571428571429,0,2.68483604601212,0
42011,Berks,2020-08-06,5302,368,25.2857142857143,0.571428571428571,6.00376914591805,0.135678398777809
42013,Blair,2020-08-06,255,3,7.71428571428571,0,6.33206027652342,0
42015,Bradford,2020-08-06,85,3,0.714285714285714,0,1.18410177591584,0
42017,Bucks,2020-08-06,7118,581,38.7142857142857,0.571428571428571,6.16204589018825,0.0909527068662472
42019,Butler,2020-08-06,637,15,6.28571428571429,0,3.34608139647186,0
42021,Cambria,2020-08-06,322,3,11.8571428571429,0,9.10742815007286,0
42023,Cameron,2020-08-06,6,0,0.142857142857143,0,3.2124385621125,0
42025,Carbon,2020-08-06,367,28,1.57142857142857,0,2.44839452093822,0
42027,Centre,2020-08-06,364,10,1.57142857142857,0,0.967717813485588,0
42029,Chester,2020-08-06,5075,349,34.1428571428571,0.428571428571429,6.50353762514208,0.0816343634955072
42031,Clarion,2020-08-06,77,2,0.571428571428571,0,1.48662409966328,0
42033,Clearfield,2020-08-06,150,0,4,0,5.04700018926251,0
42035,Clinton,2020-08-06,118,5,0.714285714285714,0,1.84894831819661,0
42037,Columbia,2020-08-06,470,35,2,0,3.07862816329044,0
42039,Crawford,2020-08-06,138,1,2.28571428571429,0,2.70086410771046,0
42041,Cumberland,2020-08-06,1270,71,11.5714285714286,0.142857142857143,4.56700815859359,0.0563828167727603
42043,Dauphin,2020-08-06,2741,158,16.1428571428571,0.428571428571429,5.80054442986038,0.153996754775054
42045,Delaware,2020-08-06,9123,742,66.7142857142857,1.71428571428571,11.7714404689016,0.302478127680555
42047,Elk,2020-08-06,48,2,0.857142857142857,0,2.86574007737498,0
42049,Erie,2020-08-06,1046,17,20.1428571428571,0.285714285714286,7.46784061827365,0.105926817280477
42051,Fayette,2020-08-06,465,5,14.5714285714286,0.142857142857143,11.2717395388311,0.110507250380697
42053,Forest,2020-08-06,9,0,0,0,0,0
42055,Franklin,2020-08-06,1323,46,9.14285714285714,0,5.89759018935872,0
42057,Fulton,2020-08-06,26,2,0.571428571428571,0,3.93274997542031,0
42059,Greene,2020-08-06,110,1,0.714285714285714,0.142857142857143,1.97136785329869,0.394273570659738
42061,Huntingdon,2020-08-06,296,4,1.28571428571429,0,2.84802916381864,0
42063,Indiana,2020-08-06,297,6,6.71428571428571,0,7.98625684141843,0
42065,Jefferson,2020-08-06,61,1,0.571428571428571,0,1.31589768895468,0
42067,Juniata,2020-08-06,129,6,0.571428571428571,0,2.30759024120087,0
42069,Lackawanna,2020-08-06,1916,212,4.42857142857143,0,2.11212235592941,0
42071,Lancaster,2020-08-06,5756,410,38.2857142857143,0.571428571428571,7.01558192157836,0.104710177934005
42073,Lawrence,2020-08-06,383,14,8.42857142857143,0.428571428571429,9.85659489729094,0.501182791387675
42075,Lebanon,2020-08-06,1591,54,4.14285714285714,0,2.92176422168735,0
42077,Lehigh,2020-08-06,4901,336,15.1428571428571,0.142857142857143,4.10022179879051,0.0386813377244388
42079,Luzerne,2020-08-06,3399,184,22.8571428571429,0.142857142857143,7.20098257407223,0.0450061410879514
42081,Lycoming,2020-08-06,354,20,5.71428571428571,0,5.04354470408893,0
42083,McKean,2020-08-06,34,1,1.14285714285714,0,2.81318681318681,0
42085,Mercer,2020-08-06,389,9,10.1428571428571,0,9.26931673385833,0
42087,Mifflin,2020-08-06,115,1,2.42857142857143,0,5.26371196968102,0
42089,Monroe,2020-08-06,1614,124,5.85714285714286,0.142857142857143,3.43989455464692,0.0838998671865102
42091,Montgomery,2020-08-06,9983,855,37.1428571428571,1.14285714285714,4.47011513125376,0.137542004038577
42093,Montour,2020-08-06,98,3,0.714285714285714,0,3.91818822976256,0
42095,Northampton,2020-08-06,3902,292,12.2857142857143,0.428571428571429,4.02434259322086,0.140384043949565
42097,Northumberland,2020-08-06,427,12,3.85714285714286,0.142857142857143,4.24594394410451,0.157257183114982
42099,Perry,2020-08-06,120,5,1.28571428571429,0,2.77860106698281,0
42101,Philadelphia,2020-08-06,30986,1698,110.428571428571,1,6.97121905608431,0.0631287624742435
42103,Pike,2020-08-06,526,21,0.285714285714286,0,0.511950197484789,0
42105,Potter,2020-08-06,20,0,0,0,0,0
42107,Schuylkill,2020-08-06,907,50,4.57142857142857,0.142857142857143,3.23391405671275,0.101059814272273
42109,Snyder,2020-08-06,101,2,1.28571428571429,0,3.18466829910405,0
42111,Somerset,2020-08-06,127,3,1.42857142857143,0.142857142857143,1.9450371404842,0.19450371404842
42113,Sullivan,2020-08-06,10,0,0,0,0,0
42115,Susquehanna,2020-08-06,212,27,0.571428571428571,0.142857142857143,1.41695241873778,0.354238104684445
42117,Tioga,2020-08-06,37,3,0.428571428571429,0.142857142857143,1.05582870235133,0.351942900783777
42119,Union,2020-08-06,206,2,10.1428571428571,0,22.578316547998,0
42121,Venango,2020-08-06,63,0,0.428571428571429,0,0.845842402643539,0
42123,Warren,2020-08-06,20,1,0.714285714285714,0,1.82257588294689,0
42125,Washington,2020-08-06,808,11,12.1428571428571,0,5.86994278532238,0
42127,Wayne,2020-08-06,157,8,0,0,0,0
42129,Westmoreland,2020-08-06,1484,46,14.5714285714286,0.142857142857143,4.17640307694449,0.0409451282053382
42131,Wyoming,2020-08-06,58,8,0.142857142857143,0,0.5331684065729,0
42133,York,2020-08-06,2444,92,28.7142857142857,1,6.39433786154254,0.2226883832378
44001,Bristol,2020-08-06,316,15,1.71428571428571,0,3.53614083270223,0
44003,Kent,2020-08-06,1494,102,10.4285714285714,0,6.34758322290278,0
44005,Newport,2020-08-06,396,6,2.28571428571429,0,2.78467177421881,0
44007,Providence,2020-08-06,15047,813,71.1428571428571,0.714285714285714,11.134669806733,0.111793873561576
44009,Washington,2020-08-06,607,65,2.42857142857143,0.142857142857143,1.93393012141668,0.113760595377452
45001,Abbeville,2020-08-06,313,8,4,0.142857142857143,16.3085579157663,0.582448496991653
45003,Aiken,2020-08-06,1788,33,49.1428571428571,1.28571428571429,28.7600409328955,0.752442931383893
45005,Allendale,2020-08-06,204,3,4.57142857142857,0,52.6177321757432,0
45007,Anderson,2020-08-06,2237,55,50.7142857142857,2,25.03692064213,0.987371518281184
45009,Bamberg,2020-08-06,455,20,5.85714285714286,0.714285714285714,41.6404298104853,5.07810119640064
45011,Barnwell,2020-08-06,390,5,11,0.142857142857143,52.7173392121154,0.684640768988512
45013,Beaufort,2020-08-06,3921,54,74.7142857142857,1.42857142857143,38.8889797702948,0.743575139011372
45015,Berkeley,2020-08-06,4049,64,45.4285714285714,1,19.9329425724403,0.438775465431075
45017,Calhoun,2020-08-06,371,10,12.4285714285714,0.571428571428571,85.4021262184528,3.92653453877944
45019,Charleston,2020-08-06,12019,190,108.428571428571,4.57142857142857,26.355612564856,1.11117207124558
45021,Cherokee,2020-08-06,599,28,12,0.571428571428571,20.9424083769633,0.997257541760159
45023,Chester,2020-08-06,613,13,12.8571428571429,0.428571428571429,39.8745281514169,1.32915093838056
45025,Chesterfield,2020-08-06,729,21,9.85714285714286,0.285714285714286,21.5928649663589,0.625880143952433
45027,Clarendon,2020-08-06,817,51,11,0.142857142857143,32.5974218402726,0.423343140782761
45029,Colleton,2020-08-06,791,33,9.14285714285714,0.285714285714286,24.2664149026121,0.758325465706627
45031,Darlington,2020-08-06,1189,35,27.8571428571429,0.285714285714286,41.8162401410172,0.428884514266843
45033,Dillon,2020-08-06,607,24,10.1428571428571,0.142857142857143,33.2781821675814,0.468706791092696
45035,Dorchester,2020-08-06,2968,47,45,1.42857142857143,27.6397496452899,0.877452369691742
45037,Edgefield,2020-08-06,303,6,5.57142857142857,0,20.4381092128708,0
45039,Fairfield,2020-08-06,554,23,5.28571428571429,0,23.6529032340551,0
45041,Florence,2020-08-06,3258,108,67,2.42857142857143,48.4478607015539,1.75610582500302
45043,Georgetown,2020-08-06,1345,19,19.1428571428571,0.285714285714286,30.5406144589297,0.45583006655119
45045,Greenville,2020-08-06,10635,201,108.428571428571,3.71428571428571,20.7105774567411,0.709453246212475
45047,Greenwood,2020-08-06,1336,17,23.1428571428571,0.285714285714286,32.6825735307468,0.403488562107986
45049,Hampton,2020-08-06,405,7,13.7142857142857,0,71.3468198641438,0
45051,Horry,2020-08-06,8371,145,71.1428571428571,3.42857142857143,20.0922549198791,0.968301441921885
45053,Jasper,2020-08-06,560,14,12.2857142857143,0.428571428571429,40.8529720537169,1.42510367629245
45055,Kershaw,2020-08-06,1357,23,15.8571428571429,0.142857142857143,23.8270542247943,0.214658146169318
45057,Lancaster,2020-08-06,1138,23,19.2857142857143,0.285714285714286,19.6768908763358,0.291509494464235
45059,Laurens,2020-08-06,1275,42,14.1428571428571,1.28571428571429,20.954554017242,1.90495945611291
45061,Lee,2020-08-06,542,27,8.14285714285714,0.142857142857143,48.3887398553431,0.848925260620055
45063,Lexington,2020-08-06,4839,108,50.1428571428571,1.57142857142857,16.7842199641363,0.526001195457262
45065,McCormick,2020-08-06,108,2,1.14285714285714,0,12.0771123624341,0
45067,Marion,2020-08-06,535,13,5.28571428571429,0.142857142857143,17.2414596526545,0.465985396017689
45069,Marlboro,2020-08-06,468,4,8.42857142857143,0,32.2711211753252,0
45071,Newberry,2020-08-06,828,9,13,0.142857142857143,33.8189386056192,0.371636687973837
45073,Oconee,2020-08-06,787,8,12.5714285714286,0.285714285714286,15.8039732625507,0.359181210512516
45075,Orangeburg,2020-08-06,2304,61,34.7142857142857,1.28571428571429,40.2834763148079,1.49198060425214
45077,Pickens,2020-08-06,1793,26,20,0.857142857142857,15.7624286750102,0.675532657500439
45079,Richland,2020-08-06,8464,148,121,2.71428571428571,29.1033988440419,0.65285074148382
45081,Saluda,2020-08-06,443,8,6.85714285714286,0.142857142857143,33.493590861832,0.697783142954832
45083,Spartanburg,2020-08-06,3961,98,50.2857142857143,2.42857142857143,15.7248508484495,0.759438819385346
45085,Sumter,2020-08-06,2419,47,31.1428571428571,0.714285714285714,29.181564212158,0.669301931471514
45087,Union,2020-08-06,346,3,5.57142857142857,0.142857142857143,20.396209442922,0.522979729305692
45089,Williamsburg,2020-08-06,961,29,16.1428571428571,0.857142857142857,53.1574589793768,2.82251994580762
45091,York,2020-08-06,3402,29,54.2857142857143,0.285714285714286,19.3202033908991,0.101685281004732
46003,Aurora,2020-08-06,38,0,0.142857142857143,0,5.19291686140105,0
46005,Beadle,2020-08-06,587,9,0.285714285714286,0,1.54833515262714,0
46007,Bennett,2020-08-06,6,0,0.142857142857143,0,4.24538314582891,0
46009,Bon Homme,2020-08-06,13,0,0,0,0,0
46011,Brookings,2020-08-06,127,1,2.14285714285714,0.142857142857143,6.10900915944107,0.407267277296071
46013,Brown,2020-08-06,422,3,3.85714285714286,0,9.9311075391819,0
46015,Brule,2020-08-06,45,0,0.857142857142857,0,16.1816661722269,0
46017,Buffalo,2020-08-06,109,3,0.571428571428571,0,29.1247997670016,0
46019,Butte,2020-08-06,14,1,0.571428571428571,0,5.47922688108708,0
46021,Campbell,2020-08-06,3,0,0.285714285714286,0,20.7641196013289,0
46023,Charles Mix,2020-08-06,100,0,0.142857142857143,0,1.53742082282762,0
46025,Clark,2020-08-06,16,0,0,0,0,0
46027,Clay,2020-08-06,123,0,1.71428571428571,0,12.1839780688395,0
46029,Codington,2020-08-06,124,1,1,0.142857142857143,3.57028098111321,0.51004014015903
46031,Corson,2020-08-06,30,0,0.571428571428571,0,13.9850360114677,0
46033,Custer,2020-08-06,26,0,1.85714285714286,0,20.6993185147443,0
46035,Davison,2020-08-06,94,2,1.42857142857143,0.142857142857143,7.22412858948889,0.722412858948889
46037,Day,2020-08-06,21,0,0,0,0,0
46039,Deuel,2020-08-06,9,0,0,0,0,0
46041,Dewey,2020-08-06,65,0,1.28571428571429,0,21.8213558335758,0
46043,Douglas,2020-08-06,16,0,0,0,0,0
46045,Edmunds,2020-08-06,13,0,0.428571428571429,0,11.1927769279558,0
46047,Fall River,2020-08-06,20,0,0.857142857142857,0,12.7684024600455,0
46049,Faulk,2020-08-06,26,1,0,0,0,0
46051,Grant,2020-08-06,24,0,0.857142857142857,0,12.1546065958998,0
46053,Gregory,2020-08-06,7,0,0,0,0,0
46055,Haakon,2020-08-06,2,0,0.142857142857143,0,7.52275633792221,0
46057,Hamlin,2020-08-06,16,0,0.285714285714286,0,4.63520904792806,0
46059,Hand,2020-08-06,7,0,0,0,0,0
46061,Hanson,2020-08-06,21,0,0.142857142857143,0,4.13718919366183,0
46065,Hughes,2020-08-06,88,2,0.714285714285714,0,4.07557750933307,0
46067,Hutchinson,2020-08-06,27,0,0.285714285714286,0,3.91872563042499,0
46069,Hyde,2020-08-06,3,0,0,0,0,0
46071,Jackson,2020-08-06,11,1,0.571428571428571,0,17.0881749829118,0
46073,Jerauld,2020-08-06,40,1,0.142857142857143,0,7.09672840820382,0
46075,Jones,2020-08-06,2,0,0.142857142857143,0,15.8202816010125,0
46077,Kingsbury,2020-08-06,14,0,0.428571428571429,0,8.67729152807104,0
46079,Lake,2020-08-06,89,2,1.42857142857143,0,11.1633306913451,0
46081,Lawrence,2020-08-06,40,0,2,0,7.73874013310633,0
46083,Lincoln,2020-08-06,602,2,11.2857142857143,0,18.4624301232075,0
46085,Lyman,2020-08-06,88,2,0.428571428571429,0,11.3348698379114,0
46087,McCook,2020-08-06,26,1,0.285714285714286,0,5.11482788604163,0
46089,McPherson,2020-08-06,8,0,0.285714285714286,0,12.0098480754218,0
46091,Marshall,2020-08-06,8,0,0,0,0,0
46093,Meade,2020-08-06,82,1,1.85714285714286,0,6.55493031604849,0
46095,Mellette,2020-08-06,24,0,0,0,0,0
46097,Miner,2020-08-06,15,0,0.285714285714286,0,12.8932439401753,0
46099,Minnehaha,2020-08-06,4329,65,28,0.285714285714286,14.4977062557602,0.147935778120003
46101,Moody,2020-08-06,32,0,0.285714285714286,0,4.34480361487661,0
46102,Oglala Lakota,2020-08-06,152,2,1.71428571428571,0.142857142857143,12.0920202742873,1.00766835619061
46103,Pennington,2020-08-06,863,30,8.42857142857143,0.714285714285714,7.40810496908058,0.627805505854286
46105,Perkins,2020-08-06,6,0,0,0,0,0
46107,Potter,2020-08-06,1,0,0,0,0,0
46109,Roberts,2020-08-06,73,1,0.571428571428571,0,5.49767723136975,0
46111,Sanborn,2020-08-06,13,0,0,0,0,0
46115,Spink,2020-08-06,22,0,0.428571428571429,0,6.72163470155942,0
46117,Stanley,2020-08-06,14,0,0,0,0,0
46119,Sully,2020-08-06,1,0,0,0,0,0
46121,Todd,2020-08-06,67,4,0.142857142857143,0,1.40372548744368,0
46123,Tripp,2020-08-06,20,0,0,0,0,0
46125,Turner,2020-08-06,49,0,1,0,11.9274809160305,0
46127,Union,2020-08-06,208,4,3,0.142857142857143,18.8300276173738,0.896667981779707
46129,Walworth,2020-08-06,18,0,0,0,0,0
46135,Yankton,2020-08-06,104,2,0.428571428571429,0,1.87854575511278,0
46137,Ziebach,2020-08-06,10,0,0.285714285714286,0,10.366991499067,0
47001,Anderson,2020-08-06,651,6,14.4285714285714,0.142857142857143,18.7437598126366,0.185581780323135
47003,Bedford,2020-08-06,901,11,13.2857142857143,0.142857142857143,26.7248290904075,0.287363753660296
47005,Benton,2020-08-06,126,1,8,0,49.5049504950495,0
47007,Bledsoe,2020-08-06,686,1,4.28571428571429,0,28.4500417267279,0
47009,Blount,2020-08-06,1222,9,35.7142857142857,0.285714285714286,26.8350908528836,0.214680726823069
47011,Bradley,2020-08-06,1817,12,32,0.285714285714286,29.5994820090648,0.26428108936665
47013,Campbell,2020-08-06,229,1,9.14285714285714,0,22.9477866142692,0
47015,Cannon,2020-08-06,136,0,4.14285714285714,0,28.2249430634769,0
47017,Carroll,2020-08-06,272,3,13,0,46.8181654481939,0
47019,Carter,2020-08-06,473,5,17,0.142857142857143,30.1466546080048,0.253333232000041
47021,Cheatham,2020-08-06,569,7,10.7142857142857,0.428571428571429,26.3463882614545,1.05385553045818
47023,Chester,2020-08-06,206,2,5,0.142857142857143,28.9067468347112,0.825907052420321
47025,Claiborne,2020-08-06,242,0,6.71428571428571,0,21.0090607161855,0
47027,Clay,2020-08-06,71,0,2.57142857142857,0,33.7679392177094,0
47029,Cocke,2020-08-06,439,2,13,0.142857142857143,36.1070992111988,0.396781310013173
47031,Coffee,2020-08-06,482,3,18.4285714285714,0.428571428571429,32.6053988474371,0.75826508947528
47033,Crockett,2020-08-06,253,4,7.71428571428571,0.142857142857143,54.2114245557675,1.00391526955125
47035,Cumberland,2020-08-06,398,6,6,0,9.91407799074686,0
47037,Davidson,2020-08-06,22247,211,188.428571428571,2.28571428571429,27.1454584968784,0.329285319143331
47039,Decatur,2020-08-06,188,3,7.85714285714286,0.285714285714286,67.3681116105878,2.44974951311228
47041,DeKalb,2020-08-06,331,2,6,0.142857142857143,29.2825768667643,0.697204211113435
47043,Dickson,2020-08-06,652,1,14.5714285714286,0,27.0101367454374,0
47045,Dyer,2020-08-06,593,7,15.1428571428571,0.285714285714286,40.7515195318958,0.768896594941429
47047,Fayette,2020-08-06,652,8,9.71428571428571,0,23.6167692954215,0
47049,Fentress,2020-08-06,79,0,1.85714285714286,0,10.0261451014569,0
47051,Franklin,2020-08-06,302,4,8.57142857142857,0,20.3075923318531,0
47053,Gibson,2020-08-06,644,4,20.5714285714286,0.428571428571429,41.8688632312877,0.87226798398516
47055,Giles,2020-08-06,369,13,8.71428571428571,0.714285714285714,29.5760443737636,2.42426593227571
47057,Grainger,2020-08-06,189,0,6,0,25.7289879931389,0
47059,Greene,2020-08-06,418,7,13.4285714285714,0.285714285714286,19.4422554671002,0.413665009938302
47061,Grundy,2020-08-06,108,2,2,0,14.8953600953303,0
47063,Hamblen,2020-08-06,1346,14,31.5714285714286,0.142857142857143,48.6207973810771,0.220003608059172
47065,Hamilton,2020-08-06,5884,50,69.8571428571429,0.428571428571429,18.993035110315,0.116521687793343
47067,Hancock,2020-08-06,77,1,1.14285714285714,0,17.2637030643073,0
47069,Hardeman,2020-08-06,858,15,15.8571428571429,0.571428571428571,63.3019674935843,2.28115198175078
47071,Hardin,2020-08-06,444,7,11.5714285714286,0,45.1092646632955,0
47073,Hawkins,2020-08-06,416,7,21.2857142857143,0.571428571428571,37.4840881303742,1.00628424511072
47075,Haywood,2020-08-06,435,6,13.2857142857143,0.142857142857143,76.7782841291856,0.825572947625652
47077,Henderson,2020-08-06,517,2,17.8571428571429,0.285714285714286,63.5101285953084,1.01616205752493
47079,Henry,2020-08-06,248,0,12.5714285714286,0,38.8666828611179,0
47081,Hickman,2020-08-06,248,0,6.42857142857143,0,25.5324943544818,0
47083,Houston,2020-08-06,56,0,0.857142857142857,0,10.4516870764889,0
47085,Humphreys,2020-08-06,118,3,3.71428571428571,0,19.988621861402,0
47087,Jackson,2020-08-06,112,1,1.28571428571429,0.142857142857143,10.9088264526921,1.2120918280769
47089,Jefferson,2020-08-06,525,3,10.5714285714286,0.142857142857143,19.3988963600855,0.262147248109263
47091,Johnson,2020-08-06,225,0,19,0,106.813582190241,0
47093,Knox,2020-08-06,4515,42,107.857142857143,1.57142857142857,22.9330558281704,0.334123992198509
47095,Lake,2020-08-06,765,0,5.57142857142857,0,79.4103274148884,0
47097,Lauderdale,2020-08-06,455,8,9.42857142857143,0.285714285714286,36.7829416321594,1.11463459491392
47099,Lawrence,2020-08-06,527,6,15.1428571428571,0,34.3048732337845,0
47101,Lewis,2020-08-06,67,1,3.71428571428571,0,30.2762122129582,0
47103,Lincoln,2020-08-06,268,1,6,0,17.4591165687016,0
47105,Loudon,2020-08-06,705,3,16.4285714285714,0,30.3850178082626,0
47107,McMinn,2020-08-06,509,20,8.14285714285714,0,15.1371103521901,0
47109,McNairy,2020-08-06,351,5,9.71428571428571,0,37.8076037763124,0
47111,Macon,2020-08-06,855,13,7.42857142857143,0,30.1949899543591,0
47113,Madison,2020-08-06,984,15,35,0.571428571428571,35.7201175702155,0.583185592983111
47115,Marion,2020-08-06,213,4,3.28571428571429,0,11.366500452189,0
47117,Marshall,2020-08-06,275,3,4.71428571428571,0.142857142857143,13.7142857142857,0.415584415584416
47119,Maury,2020-08-06,1159,7,26.8571428571429,0.285714285714286,27.8638642733386,0.29642408801424
47121,Meigs,2020-08-06,99,0,1.71428571428571,0,13.8004002116061,0
47123,Monroe,2020-08-06,397,9,13.1428571428571,0,28.2368828936666,0
47125,Montgomery,2020-08-06,1815,13,35.2857142857143,0.285714285714286,16.8836823653014,0.136709978666408
47127,Moore,2020-08-06,55,0,2,0,30.826140567201,0
47129,Morgan,2020-08-06,98,1,4.71428571428571,0,22.0262846997417,0
47131,Obion,2020-08-06,490,4,19.7142857142857,0,65.5634896880033,0
47133,Overton,2020-08-06,155,1,4.57142857142857,0,20.5540603903987,0
47135,Perry,2020-08-06,77,0,1.28571428571429,0,15.9201867968584,0
47137,Pickett,2020-08-06,30,1,1.57142857142857,0,31.1297260584107,0
47139,Polk,2020-08-06,185,3,7.28571428571429,0.285714285714286,43.2848995111353,1.69744703965236
47141,Putnam,2020-08-06,1677,16,25,0.428571428571429,31.1545890709702,0.53407866978806
47143,Rhea,2020-08-06,517,1,7.28571428571429,0,21.9667569744453,0
47145,Roane,2020-08-06,423,2,17.2857142857143,0.142857142857143,32.3811664713092,0.267612946043878
47147,Robertson,2020-08-06,1506,19,18.8571428571429,0.428571428571429,26.2586758068078,0.596788086518358
47149,Rutherford,2020-08-06,6298,53,77.8571428571429,0.571428571428571,23.4308328263818,0.1719694152395
47151,Scott,2020-08-06,110,0,4.28571428571429,0,19.4204925036899,0
47153,Sequatchie,2020-08-06,100,0,1.57142857142857,0,10.4580631667015,0
47155,Sevier,2020-08-06,1791,6,31.2857142857143,0.142857142857143,31.8429661941112,0.145401672119229
47157,Shelby,2020-08-06,22552,300,310.285714285714,3.57142857142857,33.1089384682878,0.381088149957272
47159,Smith,2020-08-06,429,4,13.8571428571429,0.285714285714286,68.7460577325141,1.41744448933019
47161,Stewart,2020-08-06,74,0,1.57142857142857,0,11.45773657622,0
47163,Sullivan,2020-08-06,895,12,30.1428571428571,0.714285714285714,19.0358306659112,0.451086034737233
47165,Sumner,2020-08-06,3316,72,38.8571428571429,0.571428571428571,20.3139551644123,0.29873463477077
47167,Tipton,2020-08-06,1155,9,16.4285714285714,0,26.6701917702746,0
47169,Trousdale,2020-08-06,1578,6,1.57142857142857,0,13.9261659998987,0
47171,Unicoi,2020-08-06,148,0,3.71428571428571,0,20.7699251483851,0
47173,Union,2020-08-06,141,0,5.14285714285714,0,25.7503361849446,0
47175,Van Buren,2020-08-06,35,0,1,0,17.0299727520436,0
47177,Warren,2020-08-06,479,4,18.5714285714286,0.142857142857143,44.9921955845351,0.346093812188732
47179,Washington,2020-08-06,1131,2,37.2857142857143,0,28.8198757763975,0
47181,Wayne,2020-08-06,224,2,3.85714285714286,0.142857142857143,23.134066197702,0.856817266581556
47183,Weakley,2020-08-06,363,3,23.8571428571429,0.142857142857143,71.5828818325218,0.428640010973184
47185,White,2020-08-06,246,5,9.28571428571429,0.285714285714286,33.9576313246088,1.04485019460335
47187,Williamson,2020-08-06,3405,25,49.8571428571429,0.428571428571429,20.9121784378063,0.179760846170255
47189,Wilson,2020-08-06,2190,23,31,0.428571428571429,21.4300033873231,0.296267327935343
48001,Anderson,2020-08-06,2353,10,25.5714285714286,0.428571428571429,44.2910341585322,0.742307835059199
48003,Andrews,2020-08-06,277,6,3.42857142857143,0,18.3297055791041,0
48005,Angelina,2020-08-06,1795,40,27,1.14285714285714,31.1364815775817,1.31794631016219
48007,Aransas,2020-08-06,165,13,2.28571428571429,0.142857142857143,9.72230661724494,0.607644163577809
48009,Archer,2020-08-06,21,0,0.571428571428571,0,6.68103088306526,0
48011,Armstrong,2020-08-06,7,0,0.285714285714286,0,15.1411916117798,0
48013,Atascosa,2020-08-06,425,16,2.85714285714286,0.428571428571429,5.58548444302946,0.837822666454418
48015,Austin,2020-08-06,223,3,1.71428571428571,0,5.70819697085014,0
48017,Bailey,2020-08-06,168,4,2.42857142857143,0.142857142857143,34.6938775510204,2.04081632653061
48019,Bandera,2020-08-06,89,3,0.857142857142857,0.285714285714286,3.70864856846165,1.23621618948722
48021,Bastrop,2020-08-06,1344,20,9.57142857142857,0.285714285714286,10.7879902296232,0.322029559093229
48023,Baylor,2020-08-06,8,0,0.428571428571429,0,12.2134918373163,0
48025,Bee,2020-08-06,704,9,31.7142857142857,0.285714285714286,97.3876422978219,0.877366146827225
48027,Bell,2020-08-06,3733,33,51.1428571428571,0.571428571428571,14.0918917301851,0.157451304247879
48029,Bexar,2020-08-06,41951,705,240.857142857143,22.8571428571429,12.0214949463375,1.14082988814591
48031,Blanco,2020-08-06,98,5,0.714285714285714,0.428571428571429,5.98680508160015,3.59208304896009
48035,Bosque,2020-08-06,152,2,5.71428571428571,0,30.5822088000306,0
48037,Bowie,2020-08-06,707,38,2,0.142857142857143,2.14488712531503,0.153206223236788
48039,Brazoria,2020-08-06,6988,85,110,3.28571428571429,29.3910181048672,0.87791352780772
48041,Brazos,2020-08-06,3997,46,21,0.142857142857143,9.16186395940858,0.0623256051660448
48043,Brewster,2020-08-06,186,2,0.857142857142857,0,9.31373309945515,0
48045,Briscoe,2020-08-06,11,1,0,0,0,0
48047,Brooks,2020-08-06,95,1,2,0,28.1968137600451,0
48049,Brown,2020-08-06,388,23,0.428571428571429,0.428571428571429,1.13187045365368,1.13187045365368
48051,Burleson,2020-08-06,236,6,1.14285714285714,0.142857142857143,6.19669870876291,0.774587338595363
48053,Burnet,2020-08-06,552,8,2.28571428571429,0.142857142857143,4.7465772727947,0.296661079549668
48055,Caldwell,2020-08-06,1118,26,8.85714285714286,0.571428571428571,20.2847720253363,1.30869496937654
48057,Calhoun,2020-08-06,526,4,10.4285714285714,0.142857142857143,48.9834261558075,0.671005837750788
48059,Callahan,2020-08-06,46,3,1.14285714285714,0,8.19663732953556,0
48061,Cameron,2020-08-06,15865,405,815.714285714286,14.4285714285714,192.765975691231,3.40969589226171
48063,Camp,2020-08-06,221,5,3.14285714285714,0.142857142857143,24.0022693054616,1.09101224115735
48065,Carson,2020-08-06,14,0,0.142857142857143,0,2.41068415216238,0
48067,Cass,2020-08-06,166,8,3.28571428571429,0.428571428571429,10.9428971082205,1.42733440542006
48069,Castro,2020-08-06,190,4,3.85714285714286,0.285714285714286,51.2236767216847,3.7943464238285
48071,Chambers,2020-08-06,941,6,10.1428571428571,0,23.1376625746678,0
48073,Cherokee,2020-08-06,953,5,29.5714285714286,0.142857142857143,56.1703236170432,0.271354220372189
48075,Childress,2020-08-06,37,0,0.571428571428571,0,7.82136013452739,0
48077,Clay,2020-08-06,38,1,0.857142857142857,0,8.18587391025554,0
48079,Cochran,2020-08-06,31,0,1.57142857142857,0,55.0798658054179,0
48081,Coke,2020-08-06,40,1,0.428571428571429,0,12.6534227508541,0
48083,Coleman,2020-08-06,18,0,1,0,12.2324159021407,0
48085,Collin,2020-08-06,7074,87,117.285714285714,0.714285714285714,11.3349100041281,0.0690311206097933
48087,Collingsworth,2020-08-06,8,0,0.142857142857143,0,4.89236790606654,0
48089,Colorado,2020-08-06,265,2,3.85714285714286,0,17.9460422330194,0
48091,Comal,2020-08-06,2313,67,26.1428571428571,1.28571428571429,16.7358200506098,0.823073117243107
48093,Comanche,2020-08-06,141,3,5,0,36.6703337000367,0
48095,Concho,2020-08-06,26,0,0.428571428571429,0,15.7216224714391,0
48097,Cooke,2020-08-06,212,3,3.28571428571429,0.142857142857143,7.96401649590199,0.346261586778348
48099,Coryell,2020-08-06,654,5,9.28571428571429,0,12.2259276187467,0
48101,Cottle,2020-08-06,14,2,0.428571428571429,0,30.6560392397302,0
48103,Crane,2020-08-06,71,2,0,0,0,0
48105,Crockett,2020-08-06,157,3,1,0.142857142857143,28.8683602771363,4.12405146816232
48107,Crosby,2020-08-06,59,1,1.14285714285714,0,19.9208147613237,0
48109,Culberson,2020-08-06,17,2,0.285714285714286,0,13.1604922024084,0
48111,Dallam,2020-08-06,187,5,1.42857142857143,0,19.6043835401596,0
48113,Dallas,2020-08-06,54731,739,780.285714285714,10.7142857142857,29.6065633555522,0.406534648785502
48115,Dawson,2020-08-06,140,4,1,0,7.85669390320553,0
48117,Deaf Smith,2020-08-06,730,19,13,0,70.0959775692872,0
48119,Delta,2020-08-06,16,0,0.428571428571429,0,8.03923144947343,0
48121,Denton,2020-08-06,7374,82,99,2,11.1586134915527,0.225426535182883
48123,DeWitt,2020-08-06,643,15,17.2857142857143,0.285714285714286,85.7426303854875,1.4172335600907
48125,Dickens,2020-08-06,4,1,0,0,0,0
48127,Dimmit,2020-08-06,142,3,3,0.428571428571429,29.632556301857,4.23322232883671
48129,Donley,2020-08-06,46,0,0.428571428571429,0,13.0741741479997,0
48131,Duval,2020-08-06,164,6,2.28571428571429,0.571428571428571,20.4868180130347,5.12170450325868
48133,Eastland,2020-08-06,65,1,2.28571428571429,0,12.4494242141301,0
48135,Ector,2020-08-06,3512,54,35.1428571428571,0.714285714285714,21.1419942744729,0.42971533078197
48137,Edwards,2020-08-06,25,0,0.142857142857143,0,7.39426205264714,0
48139,Ellis,2020-08-06,2739,38,47.4285714285714,0.714285714285714,25.6612010369599,0.386463871038552
48141,El Paso,2020-08-06,15596,285,236.714285714286,3.71428571428571,28.2058588522309,0.442578352539532
48143,Erath,2020-08-06,507,5,8.57142857142857,0,20.0745434714239,0
48145,Falls,2020-08-06,123,3,2.14285714285714,0.142857142857143,12.3886057863048,0.825907052420321
48147,Fannin,2020-08-06,237,8,3.71428571428571,0.142857142857143,10.4586521210951,0.40225585081135
48149,Fayette,2020-08-06,303,14,0.857142857142857,0.142857142857143,3.38176776273517,0.563627960455862
48151,Fisher,2020-08-06,26,1,0.428571428571429,0,11.1898545318911,0
48153,Floyd,2020-08-06,88,5,0.857142857142857,0.142857142857143,15.0060024009604,2.50100040016006
48155,Foard,2020-08-06,2,0,0,0,0,0
48157,Fort Bend,2020-08-06,8878,153,274,2.42857142857143,33.7568129626162,0.299200114892844
48159,Franklin,2020-08-06,90,1,0.857142857142857,0,7.99200799200799,0
48161,Freestone,2020-08-06,150,0,1.85714285714286,0,9.41899303719053,0
48163,Frio,2020-08-06,497,5,5.57142857142857,0,27.4373513810134,0
48165,Gaines,2020-08-06,149,0,5,0,23.2644705006514,0
48167,Galveston,2020-08-06,9230,110,89.2857142857143,2.57142857142857,26.0963275995178,0.751574234866113
48169,Garza,2020-08-06,99,3,0.571428571428571,0.142857142857143,9.17368071004289,2.29342017751072
48171,Gillespie,2020-08-06,176,5,0.714285714285714,0.428571428571429,2.64667894725698,1.58800736835419
48173,Glasscock,2020-08-06,6,0,0,0,0,0
48175,Goliad,2020-08-06,77,4,0,0.142857142857143,0,1.86546282132597
48177,Gonzales,2020-08-06,670,9,8.14285714285714,0.285714285714286,39.078836410506,1.3711872424739
48179,Gray,2020-08-06,211,2,6.28571428571429,0,28.7202516938421,0
48181,Grayson,2020-08-06,1092,13,17.1428571428571,0.285714285714286,12.58542356243,0.209757059373833
48183,Gregg,2020-08-06,1458,24,16.1428571428571,0.285714285714286,13.0242100470831,0.230516991983772
48185,Grimes,2020-08-06,858,20,3.71428571428571,0.142857142857143,12.8611001187178,0.494657696873763
48187,Guadalupe,2020-08-06,1670,51,11,2,6.59286651842706,1.19870300335037
48189,Hale,2020-08-06,1257,31,12,0.714285714285714,35.9216907142429,2.13819587584779
48191,Hall,2020-08-06,10,1,0.285714285714286,0,9.63948332369385,0
48193,Hamilton,2020-08-06,57,3,0.428571428571429,0.285714285714286,5.06525739949685,3.37683826633123
48195,Hansford,2020-08-06,64,2,0.714285714285714,0,13.2299632207022,0
48197,Hardeman,2020-08-06,17,0,0.428571428571429,0,10.89680723548,0
48199,Hardin,2020-08-06,925,13,17.8571428571429,0.428571428571429,31.0009077065776,0.744021784957864
48201,Harris,2020-08-06,81919,1459,1581.28571428571,36.1428571428571,33.549261175194,0.766822935886177
48203,Harrison,2020-08-06,663,35,8,0,12.0204949438793,0
48205,Hartley,2020-08-06,84,2,0.285714285714286,0,5.12400081984013,0
48207,Haskell,2020-08-06,39,0,0.857142857142857,0,15.1492198151795,0
48209,Hays,2020-08-06,4989,37,98.8571428571429,1.14285714285714,42.9457028542136,0.496482113921545
48211,Hemphill,2020-08-06,42,0,0.285714285714286,0,7.48139004226985,0
48213,Henderson,2020-08-06,621,11,11.2857142857143,0.428571428571429,13.6404683342571,0.51799246838951
48215,Hidalgo,2020-08-06,19043,765,351,21.2857142857143,40.4048775939413,2.45027544220483
48217,Hill,2020-08-06,313,6,1.71428571428571,0.714285714285714,4.67757841765318,1.94899100735549
48219,Hockley,2020-08-06,194,4,2.42857142857143,0,10.5493741738909,0
48221,Hood,2020-08-06,505,9,14.7142857142857,0.285714285714286,23.8701648431869,0.463498346469649
48223,Hopkins,2020-08-06,194,1,5,0,13.4829036781361,0
48225,Houston,2020-08-06,308,6,9.71428571428571,0.285714285714286,42.2948698810768,1.24396676120814
48227,Howard,2020-08-06,164,4,2.14285714285714,0.142857142857143,5.84458090458527,0.389638726972351
48229,Hudspeth,2020-08-06,23,2,0.571428571428571,0,11.6952225016081,0
48231,Hunt,2020-08-06,1137,21,18.1428571428571,0.142857142857143,18.401583405539,0.144894357523929
48233,Hutchinson,2020-08-06,121,2,1.57142857142857,0,7.50515126291227,0
48235,Irion,2020-08-06,9,0,0.142857142857143,0,9.30059523809524,0
48237,Jack,2020-08-06,51,0,3.28571428571429,0,36.7735230633944,0
48239,Jackson,2020-08-06,383,5,9.14285714285714,0.142857142857143,61.9434765776229,0.967866821525358
48241,Jasper,2020-08-06,304,5,2.57142857142857,0,7.23754840110493,0
48243,Jeff Davis,2020-08-06,8,0,0,0,0,0
48245,Jefferson,2020-08-06,5771,76,57.4285714285714,1.71428571428571,22.8285220235611,0.681448418613763
48247,Jim Hogg,2020-08-06,54,1,0.571428571428571,0,10.989010989011,0
48249,Jim Wells,2020-08-06,670,13,13.8571428571429,1.14285714285714,34.2303810511903,2.82312421040745
48251,Johnson,2020-08-06,1760,30,46.8571428571429,1.28571428571429,26.6510876975167,0.731279845358689
48253,Jones,2020-08-06,632,0,1.57142857142857,0,7.82467047467296,0
48255,Karnes,2020-08-06,556,6,41.4285714285714,0.428571428571429,265.550743084235,2.74707665259553
48257,Kaufman,2020-08-06,2071,23,55.7142857142857,0.571428571428571,40.9200506149549,0.41969282682005
48259,Kendall,2020-08-06,156,4,1.57142857142857,0.428571428571429,3.31308336621318,0.903568190785412
48261,Kenedy,2020-08-06,6,1,0.142857142857143,0,35.3606789250354,0
48263,Kent,2020-08-06,3,0,0.142857142857143,0,18.7476565429321,0
48265,Kerr,2020-08-06,394,6,6.57142857142857,0.142857142857143,12.4932102118414,0.271591526344378
48267,Kimble,2020-08-06,13,0,0,0,0,0
48271,Kinney,2020-08-06,19,0,0.285714285714286,0,7.79149947407378,0
48273,Kleberg,2020-08-06,416,7,12.5714285714286,0.428571428571429,40.975973179363,1.39690817656919
48275,Knox,2020-08-06,56,1,1.71428571428571,0.142857142857143,46.7872738615097,3.89893948845914
48277,Lamar,2020-08-06,652,18,6.71428571428571,0.285714285714286,13.4665470913691,0.573044557079536
48279,Lamb,2020-08-06,218,10,3.14285714285714,0.714285714285714,24.376461202646,5.54010481878317
48281,Lampasas,2020-08-06,88,2,0.714285714285714,0.285714285714286,3.33342222459266,1.33336888983706
48283,La Salle,2020-08-06,357,1,0,0,0,0
48285,Lavaca,2020-08-06,618,14,3.57142857142857,0.142857142857143,17.7206935170615,0.708827740682459
48287,Lee,2020-08-06,163,9,2.14285714285714,0.142857142857143,12.430286808151,0.828685787210064
48289,Leon,2020-08-06,138,2,0.142857142857143,0.142857142857143,0.820829365991398,0.820829365991398
48291,Liberty,2020-08-06,925,32,15.7142857142857,1.14285714285714,17.8128132423692,1.29547732671776
48293,Limestone,2020-08-06,209,3,5.71428571428571,0,24.3814725190328,0
48295,Lipscomb,2020-08-06,16,0,0.142857142857143,0,4.41871768812691,0
48297,Live Oak,2020-08-06,222,2,2.14285714285714,0.142857142857143,17.5543306533722,1.17028871022481
48299,Llano,2020-08-06,88,1,0.428571428571429,0.142857142857143,1.96637498771016,0.655458329236719
48303,Lubbock,2020-08-06,5959,80,75.1428571428571,0.714285714285714,24.1952213977754,0.229992598838169
48305,Lynn,2020-08-06,66,4,0.428571428571429,0,7.20167078762273,0
48307,McCulloch,2020-08-06,45,1,1.42857142857143,0,17.892928714572,0
48309,McLennan,2020-08-06,4846,55,83.2857142857143,1.57142857142857,32.4545010718892,0.612349076828099
48311,McMullen,2020-08-06,8,0,0.142857142857143,0,19.2270717169775,0
48313,Madison,2020-08-06,650,2,1.85714285714286,0.285714285714286,13.0015601872225,2.00024002880346
48315,Marion,2020-08-06,129,8,1,0.142857142857143,10.148163182464,1.44973759749485
48317,Martin,2020-08-06,53,4,1.28571428571429,0.285714285714286,22.2788820952051,4.95086268782335
48319,Mason,2020-08-06,51,0,1.71428571428571,0,40.1096329968581,0
48321,Matagorda,2020-08-06,711,25,9.57142857142857,0.714285714285714,26.1207558644996,1.94931013914176
48323,Maverick,2020-08-06,2210,37,68.5714285714286,1.14285714285714,116.772978732721,1.94621631221202
48325,Medina,2020-08-06,621,25,5.57142857142857,0.714285714285714,10.8006912442396,1.38470400567175
48327,Menard,2020-08-06,17,0,0.142857142857143,0,6.68181210744354,0
48329,Midland,2020-08-06,2492,33,98.1428571428571,0,55.5006204436172,0
48331,Milam,2020-08-06,332,3,5,0,20.1426096765097,0
48333,Mills,2020-08-06,16,0,0.285714285714286,0,5.8632112808185,0
48335,Mitchell,2020-08-06,59,0,1.71428571428571,0,20.0618573936304,0
48337,Montague,2020-08-06,64,1,2.14285714285714,0,10.8126811124086,0
48339,Montgomery,2020-08-06,6510,77,61.8571428571429,1.14285714285714,10.1840730035748,0.188158392675746
48341,Moore,2020-08-06,1044,13,5.14285714285714,0,24.559967253377,0
48343,Morris,2020-08-06,100,1,2.14285714285714,0,17.2978458415979,0
48345,Motley,2020-08-06,4,0,0,0,0,0
48347,Nacogdoches,2020-08-06,1094,40,19.5714285714286,1,30.0156870305941,1.53364824243911
48349,Navarro,2020-08-06,981,13,15,0.142857142857143,29.9323528824856,0.285070027452244
48351,Newton,2020-08-06,93,4,1.42857142857143,0,10.5080649398413,0
48353,Nolan,2020-08-06,132,3,0.714285714285714,0,4.85446319346007,0
48355,Nueces,2020-08-06,13552,227,308.857142857143,8.71428571428571,85.2504161971059,2.40530776504323
48357,Ochiltree,2020-08-06,91,2,1.85714285714286,0,18.8810782548074,0
48359,Oldham,2020-08-06,14,1,0.142857142857143,0,6.76406926406926,0
48361,Orange,2020-08-06,1369,18,52.8571428571429,0.428571428571429,63.3809089850147,0.51389926204066
48363,Palo Pinto,2020-08-06,244,6,11.1428571428571,0.142857142857143,38.1748506041904,0.489421161592185
48365,Panola,2020-08-06,280,17,1.85714285714286,0,8.00699688343044,0
48367,Parker,2020-08-06,1178,18,21.7142857142857,0.857142857142857,15.1977811239559,0.599912412787733
48369,Parmer,2020-08-06,328,7,3.28571428571429,0,34.2083736149327,0
48371,Pecos,2020-08-06,236,1,4,0,25.2796561966757,0
48373,Polk,2020-08-06,700,11,6.28571428571429,0.428571428571429,12.2402085286435,0.83455967240751
48375,Potter,2020-08-06,3644,44,23.2857142857143,0.285714285714286,19.8319757149549,0.24333712533687
48377,Presidio,2020-08-06,46,0,0.571428571428571,0,8.5236958745312,0
48379,Rains,2020-08-06,51,1,1.28571428571429,0,10.2742071736798,0
48381,Randall,2020-08-06,1714,23,22.2857142857143,0.285714285714286,16.1827236976279,0.207470816636255
48383,Reagan,2020-08-06,61,3,0.857142857142857,0,22.269235051776,0
48385,Real,2020-08-06,87,1,1.57142857142857,0.142857142857143,45.5222645257408,4.13838768415825
48387,Red River,2020-08-06,136,11,0.428571428571429,0,3.56459642827438,0
48389,Reeves,2020-08-06,147,5,2.71428571428571,0.285714285714286,16.9897703698405,1.78839688103584
48391,Refugio,2020-08-06,216,3,4.85714285714286,0.428571428571429,69.9070647257176,6.16827041697508
48393,Roberts,2020-08-06,6,0,0,0,0,0
48395,Robertson,2020-08-06,226,2,3.14285714285714,0.142857142857143,18.4072691979451,0.836694054452049
48397,Rockwall,2020-08-06,813,17,13.5714285714286,0,12.935641778038,0
48399,Runnels,2020-08-06,117,1,2.28571428571429,0,22.269235051776,0
48401,Rusk,2020-08-06,354,2,3.71428571428571,0,6.82697811690937,0
48403,Sabine,2020-08-06,51,6,1.71428571428571,0,16.2614846735507,0
48405,San Augustine,2020-08-06,163,12,1.42857142857143,0,17.3433462252207,0
48407,San Jacinto,2020-08-06,175,8,4.57142857142857,0.142857142857143,15.8405647161321,0.495017647379129
48409,San Patricio,2020-08-06,882,20,26.8571428571429,0.714285714285714,40.2474791804928,1.07041168033226
48411,San Saba,2020-08-06,23,0,0.285714285714286,0,4.71865046596673,0
48413,Schleicher,2020-08-06,36,1,0.285714285714286,0,10.2296557720833,0
48415,Scurry,2020-08-06,473,1,8.28571428571429,0,49.6061443196688,0
48417,Shackelford,2020-08-06,17,0,0,0,0,0
48419,Shelby,2020-08-06,397,18,3.71428571428571,0.285714285714286,14.6960738873376,1.1304672221029
48421,Sherman,2020-08-06,39,0,0.285714285714286,0,9.45447669471495,0
48423,Smith,2020-08-06,2470,21,25.2857142857143,0.571428571428571,10.8638477539148,0.24551068370429
48425,Somervell,2020-08-06,66,0,2.14285714285714,0,23.4756479278828,0
48427,Starr,2020-08-06,2405,52,66.2857142857143,2,102.557075001492,3.09439450435536
48429,Stephens,2020-08-06,34,3,0.857142857142857,0.142857142857143,9.15164271986822,1.5252737866447
48433,Stonewall,2020-08-06,5,0,0.142857142857143,0,10.5820105820106,0
48435,Sutton,2020-08-06,62,1,0.428571428571429,0,11.3498789346247,0
48437,Swisher,2020-08-06,79,2,0.714285714285714,0,9.65642441916607,0
48439,Tarrant,2020-08-06,32299,422,639.428571428571,8.42857142857143,30.4125569343653,0.400880442164333
48441,Taylor,2020-08-06,1815,22,13.4285714285714,0.571428571428571,9.72845199629905,0.413976680693577
48443,Terrell,2020-08-06,2,0,0,0,0,0
48445,Terry,2020-08-06,132,2,3.85714285714286,0.142857142857143,31.2648363227921,1.15795690084415
48447,Throckmorton,2020-08-06,4,2,0.285714285714286,0.285714285714286,19.0349290948891,19.0349290948891
48449,Titus,2020-08-06,1317,14,5.85714285714286,0,17.8844056706652,0
48451,Tom Green,2020-08-06,2560,21,55,0.714285714285714,46.1409395973154,0.599232981783317
48453,Travis,2020-08-06,22256,288,255.857142857143,3.14285714285714,20.0837034035093,0.246700990997881
48455,Trinity,2020-08-06,155,3,3.71428571428571,0.142857142857143,25.3517556090759,0.975067523425997
48457,Tyler,2020-08-06,116,2,0.571428571428571,0.142857142857143,2.63671360016875,0.659178400042187
48459,Upshur,2020-08-06,207,2,3.85714285714286,0,9.23800171758402,0
48461,Upton,2020-08-06,17,1,0.285714285714286,0,7.81280518770264,0
48463,Uvalde,2020-08-06,520,9,9.14285714285714,0.857142857142857,34.1904085219593,3.20535079893369
48465,Val Verde,2020-08-06,1666,49,27.5714285714286,5,56.2395279376411,10.1988781234064
48467,Van Zandt,2020-08-06,368,3,6.71428571428571,0.142857142857143,11.8647918612577,0.252442380026759
48469,Victoria,2020-08-06,3454,44,35.1428571428571,0.714285714285714,38.1639124526054,0.775689277491979
48471,Walker,2020-08-06,2861,41,12.7142857142857,0.285714285714286,17.4237515098953,0.391544977750457
48473,Waller,2020-08-06,431,4,5.71428571428571,0.285714285714286,10.3433474175247,0.517167370876237
48475,Ward,2020-08-06,88,1,0.857142857142857,0,7.14404781749339,0
48477,Washington,2020-08-06,498,39,6.57142857142857,0.285714285714286,18.3139974678908,0.796260759473512
48479,Webb,2020-08-06,7417,149,219.857142857143,3.85714285714286,79.4706500792125,1.39422193121425
48481,Wharton,2020-08-06,666,25,10.7142857142857,0.857142857142857,25.7827647374283,2.06262117899427
48483,Wheeler,2020-08-06,33,0,0.285714285714286,0,5.65099457504521,0
48485,Wichita,2020-08-06,983,11,13.8571428571429,0.285714285714286,10.4795756312054,0.21607372435475
48487,Wilbarger,2020-08-06,61,1,2.57142857142857,0,20.138057572469,0
48489,Willacy,2020-08-06,669,22,13.1428571428571,0.571428571428571,61.5359918665472,2.67547790724118
48491,Williamson,2020-08-06,6058,86,63.1428571428571,1,10.6921937551299,0.169333385262238
48493,Wilson,2020-08-06,434,18,2.85714285714286,0.285714285714286,5.59456208565275,0.559456208565274
48495,Winkler,2020-08-06,73,1,1,0,12.4843945068664,0
48497,Wise,2020-08-06,375,6,10.2857142857143,0.142857142857143,14.6972369194591,0.204128290548044
48499,Wood,2020-08-06,316,5,5.71428571428571,0,12.5481141752909,0
48501,Yoakum,2020-08-06,96,3,2.57142857142857,0.285714285714286,29.5125510321195,3.27917233690217
48503,Young,2020-08-06,151,4,5,0.142857142857143,27.7623542476402,0.793210121361148
48505,Zapata,2020-08-06,167,2,2,0.142857142857143,14.1053670921786,1.0075262208699
48507,Zavala,2020-08-06,249,5,4.28571428571429,0,36.1969111969112,0
49001,Beaver,2020-08-06,28,0,0.285714285714286,0,4.25803704492229,0
49003,Box Elder,2020-08-06,350,2,6,0,10.7054919173536,0
49005,Cache,2020-08-06,1886,4,12.5714285714286,0.142857142857143,9.79930358131139,0.111355722514902
49007,Carbon,2020-08-06,49,0,3.14285714285714,0,15.3587310895623,0
49011,Davis,2020-08-06,3129,19,38.5714285714286,0.857142857142857,10.8504894977308,0.241121988838463
49013,Duchesne,2020-08-06,83,0,1,0,5.0155481994182,0
49015,Emery,2020-08-06,16,0,0.142857142857143,0,1.42685919753439,0
49017,Garfield,2020-08-06,49,2,1,0,19.7980597901406,0
49019,Grand,2020-08-06,46,0,0.285714285714286,0,2.9292012068309,0
49021,Iron,2020-08-06,550,2,7.14285714285714,0,13.0251411274041,0
49023,Juab,2020-08-06,69,1,0.857142857142857,0,7.13275241027592,0
49025,Kane,2020-08-06,60,1,0.857142857142857,0.142857142857143,10.8691714068331,1.81152856780551
49027,Millard,2020-08-06,126,0,1.42857142857143,0,10.8323584210754,0
49029,Morgan,2020-08-06,46,0,0.571428571428571,0,4.7132016778998,0
49031,Piute,2020-08-06,5,0,0.142857142857143,0,9.65903602820439,0
49033,Rich,2020-08-06,7,0,0.142857142857143,0,5.75340889477015,0
49035,Salt Lake,2020-08-06,20197,188,192.857142857143,2.14285714285714,16.6193548514174,0.184659498349083
49037,San Juan,2020-08-06,645,25,5.57142857142857,0.428571428571429,36.395535480981,2.79965657546008
49039,Sanpete,2020-08-06,114,0,1.42857142857143,0,4.61738074459882,0
49041,Sevier,2020-08-06,78,1,0.571428571428571,0,2.64305537201004,0
49043,Summit,2020-08-06,706,1,3.28571428571429,0,7.79621375184313,0
49045,Tooele,2020-08-06,573,0,7,0,9.68737458309691,0
49047,Uintah,2020-08-06,79,0,1.14285714285714,0,3.19823457451487,0
49049,Utah,2020-08-06,8434,37,121.428571428571,0.571428571428571,19.0854906486709,0.0898140736408043
49051,Wasatch,2020-08-06,545,4,3.14285714285714,0,9.21902303498619,0
49053,Washington,2020-08-06,2446,20,30.4285714285714,0,17.1374503979429,0
49055,Wayne,2020-08-06,2,0,0,0,0,0
49057,Weber,2020-08-06,2699,25,31.5714285714286,0,12.1329174835341,0
50001,Addison,2020-08-06,73,2,0.285714285714286,0,0.776883067445103,0
50003,Bennington,2020-08-06,85,1,0.285714285714286,0,0.805509686253977,0
50005,Caledonia,2020-08-06,26,0,0,0,0,0
50007,Chittenden,2020-08-06,723,39,1.14285714285714,0,0.697825749421241,0
50009,Essex,2020-08-06,4,0,0,0,0,0
50011,Franklin,2020-08-06,118,7,0.428571428571429,0.142857142857143,0.867518376930951,0.289172792310317
50013,Grand Isle,2020-08-06,13,0,0,0,0,0
50015,Lamoille,2020-08-06,43,1,0.142857142857143,0,0.563272387261032,0
50017,Orange,2020-08-06,14,0,0,0,0,0
50019,Orleans,2020-08-06,14,0,0,0,0,0
50021,Rutland,2020-08-06,97,1,1.85714285714286,0,3.19146063333309,0
50023,Washington,2020-08-06,53,2,0.857142857142857,0,1.46748421843013,0
50025,Windham,2020-08-06,102,3,0.142857142857143,0,0.338347645438735,0
50027,Windsor,2020-08-06,72,2,0.285714285714286,0,0.518895582641905,0
51001,Accomack,2020-08-06,1085,16,1.57142857142857,0.142857142857143,4.86269517090163,0.442063197354694
51003,Albemarle,2020-08-06,798,16,9.28571428571429,0.857142857142857,8.49329030066248,0.783996027753459
51005,Alleghany,2020-08-06,58,4,0.285714285714286,0.142857142857143,1.92270717169775,0.961353585848875
51007,Amelia,2020-08-06,77,2,0.714285714285714,0.142857142857143,5.43389664728577,1.08677932945715
51009,Amherst,2020-08-06,137,0,5.14285714285714,0,16.2722896467557,0
51011,Appomattox,2020-08-06,77,0,1.42857142857143,0,8.97851441500489,0
51013,Arlington,2020-08-06,3013,135,19.8571428571429,0,8.3841307104073,0
51015,Augusta,2020-08-06,261,4,2.14285714285714,0,2.83604269945888,0
51017,Bath,2020-08-06,4,0,0,0,0,0
51019,Bedford,2020-08-06,327,7,9.42857142857143,0.285714285714286,11.9353537837784,0.361677387387224
51021,Bland,2020-08-06,9,0,0.285714285714286,0,4.54959053685168,0
51023,Botetourt,2020-08-06,200,7,2.42857142857143,0.285714285714286,7.26703799805927,0.854945646830503
51025,Brunswick,2020-08-06,216,2,2.71428571428571,0.142857142857143,16.7228495735673,0.880149977556176
51027,Buchanan,2020-08-06,74,0,0.714285714285714,0,3.40071278940066,0
51029,Buckingham,2020-08-06,598,8,0.857142857142857,0.285714285714286,4.99850044986504,1.66616681662168
51031,Campbell,2020-08-06,176,2,6.28571428571429,0,11.4525176017387,0
51033,Caroline,2020-08-06,194,5,2.14285714285714,0.142857142857143,6.97431128676043,0.464954085784029
51035,Carroll,2020-08-06,309,12,0.571428571428571,0.142857142857143,1.91812484115529,0.479531210288822
51036,Charles City,2020-08-06,51,5,0.571428571428571,0.285714285714286,8.20664327773332,4.10332163886666
51037,Charlotte,2020-08-06,50,0,0.142857142857143,0,1.2025012025012,0
51041,Chesterfield,2020-08-06,4216,77,48.4285714285714,0.857142857142857,13.7268415226023,0.242952947302696
51043,Clarke,2020-08-06,69,0,0.428571428571429,0,2.93160564040925,0
51045,Craig,2020-08-06,17,0,0.285714285714286,0,5.56839379680931,0
51047,Culpeper,2020-08-06,977,12,5.57142857142857,0,10.5910627724144,0
51049,Cumberland,2020-08-06,72,0,1.14285714285714,0,11.5068177895403,0
51051,Dickenson,2020-08-06,38,1,2.42857142857143,0.142857142857143,16.9616666334085,0.997745096082853
51053,Dinwiddie,2020-08-06,211,7,2.14285714285714,0.428571428571429,7.5072069186419,1.50144138372838
51057,Essex,2020-08-06,84,1,1.42857142857143,0,13.0427410624617,0
51059,Fairfax,2020-08-06,16087,527,68.7142857142857,1.14285714285714,5.98800606120663,0.0995926164026052
51061,Fauquier,2020-08-06,592,9,3,0.142857142857143,4.21218162927185,0.200580077584374
51063,Floyd,2020-08-06,43,1,1.71428571428571,0,10.8850448554557,0
51065,Fluvanna,2020-08-06,179,9,1.28571428571429,0.142857142857143,4.71475719000471,0.523861910000524
51067,Franklin,2020-08-06,163,1,1.85714285714286,0,3.31384114974993,0
51069,Frederick,2020-08-06,675,9,3.71428571428571,0.285714285714286,4.15872909238937,0.319902237876105
51071,Giles,2020-08-06,23,0,0.285714285714286,0,1.70881749829118,0
51073,Gloucester,2020-08-06,147,2,1,0,2.67751954589269,0
51075,Goochland,2020-08-06,157,7,1.14285714285714,0,4.81142231657956,0
51077,Grayson,2020-08-06,145,5,3,0.142857142857143,19.2926045016077,0.91869545245751
51079,Greene,2020-08-06,153,2,2.71428571428571,0,13.6953716851794,0
51081,Greensville,2020-08-06,441,11,3.71428571428571,0.285714285714286,32.7653997378768,2.52041536445206
51083,Halifax,2020-08-06,145,1,2.14285714285714,0,6.31906208267861,0
51085,Hanover,2020-08-06,615,32,4.57142857142857,0.285714285714286,4.24199522245288,0.265124701403305
51087,Henrico,2020-08-06,3742,182,33.2857142857143,0.571428571428571,10.0616394167531,0.17273200715456
51089,Henry,2020-08-06,543,7,10.8571428571429,0.285714285714286,21.4750536169924,0.565132989920853
51091,Highland,2020-08-06,4,0,0.142857142857143,0,6.52315720808872,0
51093,Isle of Wight,2020-08-06,370,9,6.71428571428571,0,18.0934159214361,0
51095,James City,2020-08-06,575,16,6.28571428571429,0,8.21415036748989,0
51097,King and Queen,2020-08-06,37,1,0.285714285714286,0,4.06710726995424,0
51099,King George,2020-08-06,125,4,0.571428571428571,0,2.12933586014522,0
51101,King William,2020-08-06,79,2,0.428571428571429,0,2.49925022493252,0
51103,Lancaster,2020-08-06,32,0,0.428571428571429,0,4.04198272726048,0
51105,Lee,2020-08-06,105,1,2.71428571428571,0.142857142857143,11.5881215654942,0.609901135026012
51107,Loudoun,2020-08-06,5150,115,23.5714285714286,0.857142857142857,5.69994258603286,0.207270639492104
51109,Louisa,2020-08-06,174,2,1.28571428571429,0,3.42027156956262,0
51111,Lunenburg,2020-08-06,58,1,0.571428571428571,0,4.68537693857471,0
51113,Madison,2020-08-06,64,1,0.857142857142857,0,6.46363665743803,0
51115,Mathews,2020-08-06,16,0,0.571428571428571,0,6.46851450564378,0
51117,Mecklenburg,2020-08-06,360,32,8.14285714285714,0.142857142857143,26.6219542382618,0.467051828741435
51119,Middlesex,2020-08-06,33,1,1,0,9.45000945000945,0
51121,Montgomery,2020-08-06,296,3,4.57142857142857,0,4.63939571870764,0
51125,Nelson,2020-08-06,36,0,0.571428571428571,0,3.82738493924026,0
51127,New Kent,2020-08-06,122,1,1.28571428571429,0,5.56803207186473,0
51131,Northampton,2020-08-06,295,29,0.428571428571429,0.142857142857143,3.65987556423082,1.21995852141027
51133,Northumberland,2020-08-06,69,2,1,0,8.26787928896238,0
51135,Nottoway,2020-08-06,178,10,1.28571428571429,0.285714285714286,8.44087635054022,1.87575030012005
51137,Orange,2020-08-06,222,3,2.42857142857143,0,6.55467174589465,0
51139,Page,2020-08-06,335,24,0.571428571428571,0,2.39071446501787,0
51141,Patrick,2020-08-06,126,4,2.85714285714286,0.142857142857143,16.2263906016746,0.811319530083728
51143,Pittsylvania,2020-08-06,392,2,11.8571428571429,0,19.6459934008398,0
51145,Powhatan,2020-08-06,135,4,2.14285714285714,0,7.22668670867781,0
51147,Prince Edward,2020-08-06,389,10,12.7142857142857,0.142857142857143,55.7595198416179,0.626511458894583
51149,Prince George,2020-08-06,357,2,4.14285714285714,0,10.8019115658674,0
51153,Prince William,2020-08-06,9163,177,54.1428571428571,1.14285714285714,11.5115517966677,0.242987900721218
51155,Pulaski,2020-08-06,82,3,1.14285714285714,0,3.35867735285844,0
51157,Rappahannock,2020-08-06,41,2,0.142857142857143,0,1.93836014731537,0
51159,Richmond,2020-08-06,318,4,0.142857142857143,0,1.58325548993841,0
51161,Roanoke,2020-08-06,471,4,6.57142857142857,0,6.97707575587515,0
51163,Rockbridge,2020-08-06,66,1,0.142857142857143,0.142857142857143,0.632867332021188,0.632867332021188
51165,Rockingham,2020-08-06,925,18,6,0.142857142857143,7.32171621027969,0.174326576435231
51167,Russell,2020-08-06,91,2,4.42857142857143,0.142857142857143,16.6575318911135,0.537339738423015
51169,Scott,2020-08-06,66,3,2.71428571428571,0,12.5859487818126,0
51171,Shenandoah,2020-08-06,689,43,3.42857142857143,0.428571428571429,7.86081123571953,0.982601404464941
51173,Smyth,2020-08-06,130,3,4,0,13.2872707945788,0
51175,Southampton,2020-08-06,249,13,2.85714285714286,0.142857142857143,16.2052229433546,0.810261147167732
51177,Spotsylvania,2020-08-06,1421,35,18.5714285714286,0.285714285714286,13.6339085793992,0.209752439683064
51179,Stafford,2020-08-06,1316,8,11.2857142857143,0.142857142857143,7.38197713642828,0.0934427485623833
51181,Surry,2020-08-06,44,2,1.28571428571429,0,20.0204653645949,0
51183,Sussex,2020-08-06,283,9,1,0.142857142857143,8.9613764674254,1.28019663820363
51185,Tazewell,2020-08-06,106,0,3.57142857142857,0,8.79770555839037,0
51187,Warren,2020-08-06,353,6,1.14285714285714,0,2.84547640388692,0
51191,Washington,2020-08-06,203,5,5.57142857142857,0.142857142857143,10.3673773193684,0.265830187676112
51193,Westmoreland,2020-08-06,197,3,0.571428571428571,0.142857142857143,3.17195987470759,0.792989968676896
51195,Wise,2020-08-06,110,3,5,0,13.3750635315518,0
51197,Wythe,2020-08-06,108,3,1.42857142857143,0,4.98037731338526,0
51199,York,2020-08-06,338,4,6.42857142857143,0.142857142857143,9.41501380868692,0.209222529081932
51510,Alexandria city,2020-08-06,2887,60,15.4285714285714,0.428571428571429,9.67745404105391,0.268818167807053
51520,Bristol city,2020-08-06,71,0,3,0,17.8976255816728,0
51530,Buena Vista city,2020-08-06,50,1,0.428571428571429,0.142857142857143,6.61579852688219,2.2052661756274
51540,Charlottesville city,2020-08-06,505,15,7.71428571428571,0.857142857142857,16.3210039230858,1.81344488034286
51550,Chesapeake city,2020-08-06,2761,37,52.8571428571429,1.42857142857143,21.5888834754601,0.583483337174599
51570,Colonial Heights city,2020-08-06,189,21,1.71428571428571,0,9.86923266716013,0
51580,Covington city,2020-08-06,13,0,0.285714285714286,0,5.15916008873755,0
51590,Danville city,2020-08-06,362,7,10.1428571428571,0.285714285714286,25.3292806484296,0.713500863336045
51595,Emporia city,2020-08-06,172,15,1.28571428571429,0,24.050024050024,0
51600,Fairfax city,2020-08-06,81,7,0,0,0,0
51610,Falls Church city,2020-08-06,60,6,0,0,0,0
51620,Franklin city,2020-08-06,158,6,5.85714285714286,0,73.5175455898438,0
51630,Fredericksburg city,2020-08-06,388,3,6.14285714285714,0.142857142857143,21.1560033849605,0.492000078720013
51640,Galax city,2020-08-06,342,24,1.85714285714286,1,29.2601679083482,15.7554750275721
51650,Hampton city,2020-08-06,1131,7,22.5714285714286,0.285714285714286,16.7804836602695,0.212411185573032
51660,Harrisonburg city,2020-08-06,1070,30,4.71428571428571,0.142857142857143,8.89219427019337,0.269460432430102
51670,Hopewell city,2020-08-06,260,5,1,0,4.4387234231435,0
51678,Lexington city,2020-08-06,33,0,0.714285714285714,0,9.59287824718929,0
51680,Lynchburg city,2020-08-06,514,4,16.8571428571429,0.285714285714286,20.5154596158393,0.347719654505751
51683,Manassas city,2020-08-06,1625,20,4.14285714285714,0,10.0836245414559,0
51685,Manassas Park city,2020-08-06,506,7,1.57142857142857,0,8.99089467575564,0
51690,Martinsville city,2020-08-06,184,3,3.57142857142857,0,28.4485309178634,0
51700,Newport News city,2020-08-06,1736,18,27.4285714285714,0.285714285714286,15.3039874060937,0.159416535480143
51710,Norfolk city,2020-08-06,3496,29,59.4285714285714,1,24.482195676303,0.411960023399329
51720,Norton city,2020-08-06,15,0,0.714285714285714,0,17.9423691104173,0
51730,Petersburg city,2020-08-06,493,19,9.57142857142857,1.28571428571429,30.5347686193727,4.10168533693066
51735,Poquoson city,2020-08-06,41,0,0.857142857142857,0,6.98511007369291,0
51740,Portsmouth city,2020-08-06,1676,25,37,0.428571428571429,39.1957456725778,0.454004776130245
51750,Radford city,2020-08-06,36,0,1.57142857142857,0,8.61103935244984,0
51760,Richmond city,2020-08-06,3067,41,30,0.428571428571429,13.0187991459668,0.185982844942383
51770,Roanoke city,2020-08-06,973,14,24,0.571428571428571,24.2074579143258,0.576368045579185
51775,Salem city,2020-08-06,153,3,3.42857142857143,0,13.5511301077879,0
51790,Staunton city,2020-08-06,143,0,0.428571428571429,0,1.71896128899177,0
51800,Suffolk city,2020-08-06,1184,49,26.1428571428571,0.142857142857143,28.382830093865,0.155097432206912
51810,Virginia Beach city,2020-08-06,4658,52,97,1.28571428571429,21.5568010596168,0.285730794604641
51820,Waynesboro city,2020-08-06,167,3,0.285714285714286,0.142857142857143,1.26254655640427,0.631273278202134
51830,Williamsburg city,2020-08-06,119,6,1.85714285714286,0,12.4190374290682,0
51840,Winchester city,2020-08-06,396,4,0.857142857142857,0,3.05272048273687,0
53001,Adams,2020-08-06,407,4,4.71428571428571,0.142857142857143,23.5914813305595,0.71489337365332
53003,Asotin,2020-08-06,24,2,0,0,0,0
53005,Benton,2020-08-06,3802,114,28.2857142857143,0.571428571428571,13.839089136315,0.279577558309395
53007,Chelan,2020-08-06,1234,12,30.2857142857143,0.142857142857143,39.2301998519615,0.185048112509252
53009,Clallam,2020-08-06,96,0,0.714285714285714,0,0.923673189646732,0
53011,Clark,2020-08-06,1994,44,33.7142857142857,0.428571428571429,6.90525492825996,0.0877786643422876
53013,Columbia,2020-08-06,13,1,0,0.142857142857143,0,3.58487184083169
53015,Cowlitz,2020-08-06,453,5,3.85714285714286,0,3.48769167772179,0
53017,Douglas,2020-08-06,875,8,21.1428571428571,0,48.6837300947688,0
53019,Ferry,2020-08-06,20,0,1.14285714285714,0,14.9843600741726,0
53021,Franklin,2020-08-06,3549,48,28.8571428571429,0.142857142857143,30.3051215655446,0.150025354284874
53023,Garfield,2020-08-06,2,0,0,0,0,0
53025,Grant,2020-08-06,1469,11,30.4285714285714,0,31.1343880046365,0
53027,Grays Harbor,2020-08-06,101,1,1.28571428571429,0,1.71289256166889,0
53029,Island,2020-08-06,244,15,1,0,1.1745222630695,0
53031,Jefferson,2020-08-06,54,0,0.428571428571429,0,1.33009971314183,0
53033,King,2020-08-06,16157,682,157,2,6.96916079762711,0.0887791184411097
53035,Kitsap,2020-08-06,675,5,10.8571428571429,0.142857142857143,3.99934537031044,0.0526229653988216
53037,Kittitas,2020-08-06,353,18,3.85714285714286,0.142857142857143,8.046610737755,0.298022619916852
53039,Klickitat,2020-08-06,106,3,0.857142857142857,0,3.82226469182991,0
53041,Lewis,2020-08-06,190,3,3.42857142857143,0,4.24817107384914,0
53043,Lincoln,2020-08-06,15,0,0.714285714285714,0,6.52971674088778,0
53045,Mason,2020-08-06,175,1,4.28571428571429,0,6.41881483002978,0
53047,Okanogan,2020-08-06,822,8,18.8571428571429,0.428571428571429,44.6396867105624,1.01453833433096
53049,Pacific,2020-08-06,41,2,1.14285714285714,0,5.08592026548504,0
53051,Pend Oreille,2020-08-06,37,0,0.142857142857143,0,1.04092934171628,0
53053,Pierce,2020-08-06,5988,144,105.142857142857,1.42857142857143,11.6182520213549,0.157856685072756
53055,San Juan,2020-08-06,29,0,0.142857142857143,0,0.812519297333312,0
53057,Skagit,2020-08-06,837,22,7.57142857142857,0.142857142857143,5.8600120517229,0.110566265126847
53059,Skamania,2020-08-06,54,1,1,0,8.27609037490689,0
53061,Snohomish,2020-08-06,6074,202,58.5714285714286,0.714285714285714,7.12475851847424,0.0868872990057834
53063,Spokane,2020-08-06,4012,70,56,1.42857142857143,10.7115941529998,0.273254952882649
53065,Stevens,2020-08-06,94,1,1.71428571428571,0,3.74928529249112,0
53067,Thurston,2020-08-06,744,11,14.7142857142857,0.285714285714286,5.06453097526149,0.0983404072866308
53069,Wahkiakum,2020-08-06,5,0,0,0,0,0
53071,Walla Walla,2020-08-06,498,4,13.7142857142857,0,22.5712404777579,0
53073,Whatcom,2020-08-06,951,48,6.71428571428571,0,2.92884343711617,0
53075,Whitman,2020-08-06,105,0,2.42857142857143,0,4.84706097032458,0
53077,Yakima,2020-08-06,10755,223,53.4285714285714,0.857142857142857,21.2970592405605,0.341664051987602
54001,Barbour,2020-08-06,29,1,0,0,0,0
54003,Berkeley,2020-08-06,675,11,5.42857142857143,0,4.55527890893878,0
54005,Boone,2020-08-06,95,0,3.42857142857143,0,15.9788014567341,0
54007,Braxton,2020-08-06,8,0,0,0,0,0
54009,Brooke,2020-08-06,61,1,1,0,4.55809289393318,0
54011,Cabell,2020-08-06,367,2,8.28571428571429,0,9.01159854882189,0
54013,Calhoun,2020-08-06,6,0,0,0,0,0
54015,Clay,2020-08-06,18,1,0.142857142857143,0,1.67909194707502,0
54017,Doddridge,2020-08-06,5,0,0.142857142857143,0,1.69101731601732,0
54019,Fayette,2020-08-06,137,5,1.85714285714286,0,4.37943417710432,0
54021,Gilmer,2020-08-06,16,0,0,0,0,0
54023,Grant,2020-08-06,97,1,4.42857142857143,0.142857142857143,38.2829480339854,1.23493380754792
54025,Greenbrier,2020-08-06,88,3,0.571428571428571,0,1.64857357171707,0
54027,Hampshire,2020-08-06,76,1,0.857142857142857,0,3.69856680536292,0
54029,Hancock,2020-08-06,107,0,2.14285714285714,0,7.43789358853573,0
54031,Hardy,2020-08-06,57,0,0.428571428571429,0,3.11100049776008,0
54033,Harrison,2020-08-06,207,1,4.42857142857143,0,6.58464884704923,0
54035,Jackson,2020-08-06,160,19,0.428571428571429,0,1.49976003839386,0
54037,Jefferson,2020-08-06,294,4,1.14285714285714,0,1.99989000604967,0
54039,Kanawha,2020-08-06,876,22,17.1428571428571,0.285714285714286,9.62411418049064,0.160401903008177
54041,Lewis,2020-08-06,28,2,0.285714285714286,0,1.79615443335818,0
54043,Lincoln,2020-08-06,79,0,3.28571428571429,0,16.099339927063,0
54045,Logan,2020-08-06,176,3,9.14285714285714,0,28.5544743522819,0
54047,McDowell,2020-08-06,49,0,4,0,22.6963231956423,0
54049,Marion,2020-08-06,179,2,1.28571428571429,0,2.29297026272344,0
54051,Marshall,2020-08-06,128,1,1,0.142857142857143,3.27535947070191,0.467908495814559
54053,Mason,2020-08-06,53,1,1.14285714285714,0,4.31006615951555,0
54055,Mercer,2020-08-06,174,3,6.57142857142857,0,11.1838874220167,0
54057,Mineral,2020-08-06,116,4,1.71428571428571,0,6.38039941300325,0
54059,Mingo,2020-08-06,156,3,6.14285714285714,0.142857142857143,26.2246291959407,0.609875097580016
54061,Monongalia,2020-08-06,929,5,8.57142857142857,0,8.11596084860487,0
54063,Monroe,2020-08-06,19,0,0,0,0,0
54065,Morgan,2020-08-06,26,0,0.142857142857143,0,0.79879860689523,0
54067,Nicholas,2020-08-06,35,1,0.714285714285714,0,2.91592796491555,0
54069,Ohio,2020-08-06,265,4,3,0,7.24445195720944,0
54071,Pendleton,2020-08-06,58,1,3,0,43.0477830391735,0
54073,Pleasants,2020-08-06,10,0,0.428571428571429,0,5.74492531597089,0
54075,Pocahontas,2020-08-06,41,0,0,0,0,0
54077,Preston,2020-08-06,123,4,0.428571428571429,0.142857142857143,1.28191980309712,0.427306601032373
54079,Putnam,2020-08-06,178,0,3.71428571428571,0,6.57977983044414,0
54081,Raleigh,2020-08-06,210,1,7.71428571428571,0.142857142857143,10.515513303098,0.194731727835148
54083,Randolph,2020-08-06,206,0,0,0,0,0
54085,Ritchie,2020-08-06,3,0,0,0,0,0
54087,Roane,2020-08-06,14,1,0,0,0,0
54089,Summers,2020-08-06,7,0,0.285714285714286,0,2.27244321732511,0
54091,Taylor,2020-08-06,56,1,1.42857142857143,0.142857142857143,8.55688187224575,0.855688187224575
54093,Tucker,2020-08-06,11,0,0.285714285714286,0,4.177720218077,0
54095,Tyler,2020-08-06,13,0,0.142857142857143,0,1.66286978066748,0
54097,Upshur,2020-08-06,39,0,0.142857142857143,0,0.590904793419684,0
54099,Wayne,2020-08-06,196,9,2.57142857142857,0,6.52613717940351,0
54101,Webster,2020-08-06,4,0,0.142857142857143,0,1.76062537413289,0
54103,Wetzel,2020-08-06,40,0,0,0,0,0
54105,Wirt,2020-08-06,6,0,0,0,0,0
54107,Wood,2020-08-06,242,5,1.57142857142857,0.142857142857143,1.88154478247632,0.171049525679665
54109,Wyoming,2020-08-06,29,1,1.42857142857143,0,7.00486137379341,0
55001,Adams,2020-08-06,82,2,2.28571428571429,0,11.3042249540766,0
55003,Ashland,2020-08-06,22,1,1,0.142857142857143,6.42590926616116,0.917987038023023
55005,Barron,2020-08-06,276,3,9.85714285714286,0,21.7866299556689,0
55007,Bayfield,2020-08-06,21,1,0.428571428571429,0,2.85030213202599,0
55009,Brown,2020-08-06,4151,52,36.4285714285714,0.285714285714286,13.7704301882391,0.108003374025405
55011,Buffalo,2020-08-06,42,2,0.142857142857143,0,1.0962868763498,0
55013,Burnett,2020-08-06,22,1,1.28571428571429,0,8.34121114385809,0
55015,Calumet,2020-08-06,288,2,8.28571428571429,0,16.541983840193,0
55017,Chippewa,2020-08-06,218,0,2.14285714285714,0,3.31414077586245,0
55019,Clark,2020-08-06,180,7,1.85714285714286,0,5.34060751464559,0
55021,Columbia,2020-08-06,238,1,4,0,6.95265243690468,0
55023,Crawford,2020-08-06,70,0,2.14285714285714,0,13.2840936262919,0
55025,Dane,2020-08-06,4376,37,52.7142857142857,0.285714285714286,9.64235738652918,0.0522620996559847
55027,Dodge,2020-08-06,757,5,16.4285714285714,0,18.7030492475682,0
55029,Door,2020-08-06,101,3,2.42857142857143,0,8.77754600466759,0
55031,Douglas,2020-08-06,149,0,5.57142857142857,0,12.9117695745737,0
55033,Dunn,2020-08-06,112,0,1.57142857142857,0,3.4637378139406,0
55035,Eau Claire,2020-08-06,541,4,11.2857142857143,0.142857142857143,10.7846590273057,0.136514671231717
55037,Florence,2020-08-06,6,0,0,0,0,0
55039,Fond du Lac,2020-08-06,598,6,10.8571428571429,0,10.4998335223764,0
55041,Forest,2020-08-06,59,4,0.285714285714286,0,3.17319286666244,0
55043,Grant,2020-08-06,341,14,4,0,7.77620093703221,0
55045,Green,2020-08-06,137,1,2.28571428571429,0,6.18429189857761,0
55047,Green Lake,2020-08-06,54,0,0.571428571428571,0,3.02135341526237,0
55049,Iowa,2020-08-06,70,0,1.14285714285714,0,4.82666248355918,0
55051,Iron,2020-08-06,73,1,0.571428571428571,0,10.0479791002035,0
55053,Jackson,2020-08-06,52,1,1,0,4.84425713316863,0
55055,Jefferson,2020-08-06,596,5,7.71428571428571,0,9.1003618236451,0
55057,Juneau,2020-08-06,135,1,2.57142857142857,0,9.63551006643149,0
55059,Kenosha,2020-08-06,2603,59,32.7142857142857,1.14285714285714,19.293520157516,0.674009437817153
55061,Kewaunee,2020-08-06,122,2,1.85714285714286,0,9.08849396663824,0
55063,La Crosse,2020-08-06,881,1,15.1428571428571,0,12.8311899597149,0
55065,Lafayette,2020-08-06,116,0,2,0,12.001200120012,0
55067,Langlade,2020-08-06,57,1,2.14285714285714,0,11.1671121103608,0
55069,Lincoln,2020-08-06,65,0,0.714285714285714,0,2.58864825965177,0
55071,Manitowoc,2020-08-06,321,1,5.71428571428571,0,7.23501312250505,0
55073,Marathon,2020-08-06,612,8,11.4285714285714,0.428571428571429,8.42243568417551,0.315841338156581
55075,Marinette,2020-08-06,356,3,12,0,29.7397769516729,0
55077,Marquette,2020-08-06,76,1,1.28571428571429,0,8.25551743748739,0
55078,Menominee,2020-08-06,20,0,0.285714285714286,0,6.27116518249091,0
55079,Milwaukee,2020-08-06,20521,452,207.428571428571,2.71428571428571,21.9332630623004,0.287005508390984
55081,Monroe,2020-08-06,241,2,5.85714285714286,0.142857142857143,12.6632712627135,0.308860274700328
55083,Oconto,2020-08-06,207,0,6.14285714285714,0,16.1952468833566,0
55085,Oneida,2020-08-06,102,0,3.28571428571429,0,9.23083097545803,0
55087,Outagamie,2020-08-06,1180,14,20.4285714285714,0.285714285714286,10.8729123818141,0.152068704640757
55089,Ozaukee,2020-08-06,639,18,15.1428571428571,0.142857142857143,16.9723015241447,0.160116052114573
55091,Pepin,2020-08-06,42,0,0.285714285714286,0,3.92087670803192,0
55093,Pierce,2020-08-06,197,0,5.28571428571429,0,12.3630871631059,0
55095,Polk,2020-08-06,126,2,2.57142857142857,0,5.8731210091327,0
55097,Portage,2020-08-06,377,0,6.71428571428571,0,9.4872064012402,0
55099,Price,2020-08-06,26,0,1.14285714285714,0,8.56008645687321,0
55101,Racine,2020-08-06,3768,78,46,0.428571428571429,23.4322070592071,0.218312488129258
55103,Richland,2020-08-06,34,4,1.28571428571429,0,7.45255208505846,0
55105,Rock,2020-08-06,1531,26,10.1428571428571,0,6.20912689181602,0
55107,Rusk,2020-08-06,17,1,0.571428571428571,0,4.03038913407089,0
55109,St. Croix,2020-08-06,476,4,6.14285714285714,0.285714285714286,6.7736909842173,0.315055394614758
55111,Sauk,2020-08-06,423,3,12.1428571428571,0,18.8430792695092,0
55113,Sawyer,2020-08-06,52,0,3,0,18.1181302089624,0
55115,Shawano,2020-08-06,173,0,4.28571428571429,0,10.4787752407499,0
55117,Sheboygan,2020-08-06,720,9,21,0.571428571428571,18.2070400554881,0.495429661373826
55119,Taylor,2020-08-06,61,0,2.42857142857143,0,11.9381184120898,0
55121,Trempealeau,2020-08-06,329,2,6.28571428571429,0.142857142857143,21.2004259358302,0.481827862177958
55123,Vernon,2020-08-06,59,0,0.714285714285714,0,2.31745413758262,0
55125,Vilas,2020-08-06,45,0,2.42857142857143,0,10.9419753483732,0
55127,Walworth,2020-08-06,1284,22,20.2857142857143,0.142857142857143,19.5302829415357,0.137537203813632
55129,Washburn,2020-08-06,41,0,3.42857142857143,0,21.8102508178844,0
55131,Washington,2020-08-06,968,23,23.4285714285714,0,17.222585110025,0
55133,Waukesha,2020-08-06,3930,57,78.5714285714286,0.857142857142857,19.438846449371,0.212060143084047
55135,Waupaca,2020-08-06,417,15,10.4285714285714,0.142857142857143,20.4521895049449,0.280166979519794
55137,Waushara,2020-08-06,112,0,2.42857142857143,0,9.93565204177649,0
55139,Winnebago,2020-08-06,1111,18,16.2857142857143,0.285714285714286,9.47356087053714,0.166202822290125
55141,Wood,2020-08-06,268,1,9.14285714285714,0,12.524633409851,0
56001,Albany,2020-08-06,88,0,0.714285714285714,0,1.83715461493239,0
56003,Big Horn,2020-08-06,36,0,0.142857142857143,0,1.21168060099358,0
56005,Campbell,2020-08-06,118,1,0.428571428571429,0,0.924821278287971,0
56007,Carbon,2020-08-06,93,1,3.14285714285714,0,21.2355212355212,0
56009,Converse,2020-08-06,32,0,0.285714285714286,0,2.06709800111623,0
56011,Crook,2020-08-06,10,0,0.142857142857143,0,1.8836648583484,0
56013,Fremont,2020-08-06,498,11,4.85714285714286,0.142857142857143,12.3714191109316,0.363865267968577
56015,Goshen,2020-08-06,23,0,1.28571428571429,0,9.73214961558009,0
56017,Hot Springs,2020-08-06,20,0,0.142857142857143,0,3.23718882522417,0
56019,Johnson,2020-08-06,23,1,0.142857142857143,0,1.69161803264823,0
56021,Laramie,2020-08-06,492,3,6.14285714285714,0,6.17372577171572,0
56023,Lincoln,2020-08-06,101,0,1.57142857142857,0,7.92450111663425,0
56025,Natrona,2020-08-06,228,1,2,0,2.50444539056826,0
56027,Niobrara,2020-08-06,2,0,0,0,0,0
56029,Park,2020-08-06,128,0,2.42857142857143,0,8.31873476937531,0
56031,Platte,2020-08-06,5,0,0,0,0,0
56033,Sheridan,2020-08-06,68,0,1.71428571428571,0,5.62337449331053,0
56035,Sublette,2020-08-06,38,0,0.857142857142857,0,8.7187758838659,0
56037,Sweetwater,2020-08-06,253,2,2.28571428571429,0,5.39809244908081,0
56039,Teton,2020-08-06,367,1,5.14285714285714,0,21.9180751059374,0
56041,Uinta,2020-08-06,272,1,3.57142857142857,0,17.6576118433134,0
56043,Washakie,2020-08-06,58,5,1.85714285714286,0,23.7942710716574,0
56045,Weston,2020-08-06,5,0,0,0,0,0
72001,Adjuntas,2020-08-06,90,0,1.71428571428571,0,9.87321150887355,0
72003,Aguada,2020-08-06,111,0,2,0,5.45048236768954,0
72005,Aguadilla,2020-08-06,200,0,4.85714285714286,0,9.66307143567663,0
72007,Aguas Buenas,2020-08-06,118,0,2.28571428571429,0,9.21138988359106,0
72009,Aibonito,2020-08-06,82,0,1.28571428571429,0,5.81560650314043,0
72011,Anasco,2020-08-06,131,0,3.28571428571429,0,12.559589792876,0
72013,Arecibo,2020-08-06,280,0,6.14285714285714,0,7.49439663135586,0
72015,Arroyo,2020-08-06,81,0,0.714285714285714,0,4.14366930204034,0
72017,Barceloneta,2020-08-06,78,0,1.85714285714286,0,7.82712882851965,0
72019,Barranquitas,2020-08-06,226,0,7.71428571428571,0,27.8242947314183,0
72021,Bayamon,2020-08-06,1293,0,34.2857142857143,0,20.2551644339568,0
72023,Cabo Rojo,2020-08-06,192,0,4.57142857142857,0,9.62102193292344,0
72025,Caguas,2020-08-06,644,0,12,0,9.63035487857728,0
72027,Camuy,2020-08-06,129,0,4.71428571428571,0,15.4546476340339,0
72029,Canovanas,2020-08-06,339,0,8.42857142857143,0,18.866838493467,0
72031,Carolina,2020-08-06,1122,0,40.1428571428571,0,27.3110387136404,0
72033,Catano,2020-08-06,171,0,3.71428571428571,0,16.0645547955785,0
72035,Cayey,2020-08-06,192,0,4.14285714285714,0,9.76881591845397,0
72037,Ceiba,2020-08-06,64,0,1.57142857142857,0,14.4114872654858,0
72039,Ciales,2020-08-06,128,0,1.85714285714286,0,11.7481203007519,0
72041,Cidra,2020-08-06,150,0,2.57142857142857,0,6.71268585748968,0
72043,Coamo,2020-08-06,136,0,3.71428571428571,0,9.68876699260673,0
72045,Comerio,2020-08-06,113,0,2.28571428571429,0,12.257155114298,0
72047,Corozal,2020-08-06,192,0,7.28571428571429,0,22.5612804190205,0
72049,Culebra,2020-08-06,19,0,0.285714285714286,0,16.6694449074846,0
72051,Dorado,2020-08-06,276,0,7.14285714285714,0,19.7638613841818,0
72053,Fajardo,2020-08-06,213,0,5.28571428571429,0,17.9456586056708,0
72054,Florida,2020-08-06,171,0,5.85714285714286,0,51.755260732905,0
72055,Guanica,2020-08-06,55,0,0.428571428571429,0,2.78600681643001,0
72057,Guayama,2020-08-06,143,0,2.28571428571429,0,5.79175037555881,0
72059,Guayanilla,2020-08-06,118,0,0.857142857142857,0,4.86377380209304,0
72061,Guaynabo,2020-08-06,764,0,14.4285714285714,0,17.2326717807322,0
72063,Gurabo,2020-08-06,218,0,3.14285714285714,0,6.67372463605449,0
72065,Hatillo,2020-08-06,101,0,3.57142857142857,0,9.10660556741438,0
72067,Hormigueros,2020-08-06,85,0,0.857142857142857,0,5.52353948410141,0
72069,Humacao,2020-08-06,176,0,3.71428571428571,0,7.33280499533239,0
72071,Isabela,2020-08-06,126,0,2.14285714285714,0,5.30108389495372,0
72073,Jayuya,2020-08-06,179,0,0.428571428571429,0,3.08524532842437,0
72075,Juana Diaz,2020-08-06,180,0,2.42857142857143,0,5.43559933877533,0
72077,Juncos,2020-08-06,113,0,2.71428571428571,0,7.11384016324391,0
72079,Lajas,2020-08-06,74,0,0.714285714285714,0,3.24527812033491,0
72081,Lares,2020-08-06,148,0,3.85714285714286,0,15.8887084245463,0
72083,Las Marias,2020-08-06,58,0,1.42857142857143,0,18.0215898646579,0
72085,Las Piedras,2020-08-06,138,0,2.14285714285714,0,5.79041030847446,0
72087,Loiza,2020-08-06,110,0,4.85714285714286,0,19.7822785693922,0
72089,Luquillo,2020-08-06,95,0,1.28571428571429,0,7.27831466580405,0
72091,Manati,2020-08-06,206,0,4,0,10.7275994314372,0
72093,Maricao,2020-08-06,42,0,0.285714285714286,0,5.26177321757432,0
72095,Maunabo,2020-08-06,57,0,1.14285714285714,0,11.0731241435631,0
72097,Mayaguez,2020-08-06,460,0,6.57142857142857,0,9.1869545245751,0
72099,Moca,2020-08-06,167,0,3.71428571428571,0,10.645397707964,0
72101,Morovis,2020-08-06,239,0,6.42857142857143,0,21.1919282300031,0
72103,Naguabo,2020-08-06,89,0,1.14285714285714,0,4.43638501167324,0
72105,Naranjito,2020-08-06,254,0,7.85714285714286,0,28.7291778753989,0
72107,Orocovis,2020-08-06,201,0,6,0,29.673590504451,0
72109,Patillas,2020-08-06,98,0,0.857142857142857,0,5.28741507089542,0
72111,Penuelas,2020-08-06,70,0,2.14285714285714,0,11.1323037189316,0
72113,Ponce,2020-08-06,449,0,8.57142857142857,0,6.49936577022359,0
72115,Quebradillas,2020-08-06,77,0,1.85714285714286,0,8.10342463191752,0
72117,Rincon,2020-08-06,89,0,1.28571428571429,0,9.41501380868692,0
72119,Rio Grande,2020-08-06,266,0,6.57142857142857,0,13.6833494459731,0
72121,Sabana Grande,2020-08-06,117,0,1.85714285714286,0,8.55353195073166,0
72123,Salinas,2020-08-06,145,0,2,0,7.37245650250664,0
72125,San German,2020-08-06,131,0,1.57142857142857,0,5.19875796945966,0
72127,San Juan,2020-08-06,2888,0,88.7142857142857,0,27.8589395568679,0
72129,San Lorenzo,2020-08-06,147,0,3.28571428571429,0,9.1297737800836,0
72131,San Sebastian,2020-08-06,212,0,6.57142857142857,0,18.496477627304,0
72133,Santa Isabel,2020-08-06,93,0,1.71428571428571,0,8.08282198258152,0
72135,Toa Alta,2020-08-06,511,0,16.1428571428571,0,22.412852680121,0
72137,Toa Baja,2020-08-06,470,0,11.7142857142857,0,15.7723549087608,0
72139,Trujillo Alto,2020-08-06,446,0,11.2857142857143,0,17.7242112725984,0
72141,Utuado,2020-08-06,57,0,0.428571428571429,0,1.56441477850494,0
72143,Vega Alta,2020-08-06,198,0,4.71428571428571,0,13.0730864764863,0
72145,Vega Baja,2020-08-06,356,0,10.5714285714286,0,21.133135900343,0
72147,Vieques,2020-08-06,51,0,2.14285714285714,0,25.5527920684133,0
72149,Villalba,2020-08-06,75,0,0.571428571428571,0,2.67372530146253,0
72151,Yabucoa,2020-08-06,104,0,1.85714285714286,0,5.7528742244683,0
72153,Yauco,2020-08-06,230,0,5.57142857142857,0,16.5939793638975,0
